			Gravity FAA (Sandwell et al, v24.1)	EMAG2 (2-arc-minute resolution, 2013)	Gravity (Sandwell and Smith 97)	GMRT Grid Version 3.9
Longitude	Latitude	Distance (km)	Free-Air Anomaly (mgal)	Magnetic Anomaly (nT)	Gravity Anomaly (mgal)	Elevation (m)
-106.94531	8.980578	0.0	3.060852	-32.22461	2.0729747	-3514.5376
-106.93655	8.9812975	0.96598446	3.0065837	-27.61454	1.9743438	-3455.4314
-106.92778	8.982016	1.9319689	2.7795877	-21.667221	1.8564081	-3427.5508
-106.919014	8.982733	2.8979533	2.550162	-14.9650755	1.6553497	-3400.511
-106.910255	8.983451	3.8639376	2.2381196	-8.115152	1.3960694	-3361.0952
-106.90149	8.984168	4.829922	1.7730919	-0.6600916	1.1804738	-3433.5537
-106.89272	8.984885	5.7959065	1.1601611	7.5220766	1.0153743	-3377.0288
-106.88396	8.985602	6.761891	0.32393667	15.229205	0.94715905	-3229.0105
-106.87519	8.98632	7.727875	-0.5315902	21.265478	0.9402697	-3283.7383
-106.866425	8.987037	8.69386	-1.216051	25.522364	0.95191485	-3342.6213
-106.85766	8.987753	9.659844	-1.681457	28.578506	1.0038342	-3366.6133
-106.84889	8.988469	10.625829	-1.7354598	30.150026	1.1143686	-3384.24
-106.84013	8.989185	11.591813	-1.560291	29.954588	1.201419	-3404.544
-106.83137	8.989901	12.557797	-1.2684039	27.341993	1.2036815	-3420.2156
-106.8226	8.990617	13.523782	-0.96128434	22.587492	1.2151107	-3431.3164
-106.813835	8.991332	14.489766	-0.840705	16.930897	1.2520769	-3437.1836
-106.80507	8.992047	15.45575	-0.7971325	11.623347	1.2847683	-3434.729
-106.7963	8.992763	16.421736	-0.8051715	6.5293493	1.3157744	-3428.391
-106.78754	8.993477	17.38772	-0.78659797	1.0840111	1.4427985	-3418.2551
-106.77877	8.994191	18.353704	-0.60456014	-3.7481582	1.6519644	-3406.3972
-106.770004	8.994906	19.319689	-0.29520372	-7.023548	1.8543301	-3393.2488
-106.76124	8.99562	20.285673	0.19591895	-8.34379	2.0537167	-3383.4473
-106.75247	8.996334	21.251657	0.74088514	-8.271097	2.1863456	-3375.9436
-106.743706	8.997048	22.217642	1.2387791	-7.1997604	2.2358303	-3368.9934
-106.73494	8.997762	23.183626	1.5688413	-5.5126343	2.1402733	-3362.321
-106.72617	8.998475	24.14961	1.4497302	-2.7948322	1.920779	-3353.1816
-106.71741	8.999188	25.115595	1.0564678	1.0945247	1.5749019	-3333.0757
-106.70864	8.999901	26.08158	0.45491368	4.999751	1.172216	-3316.2378
-106.69988	9.000614	27.047564	-0.18162711	7.776244	0.826317	-3323.7253
-106.69112	9.001327	28.013548	-0.55773395	9.166513	0.5266448	-3304.269
-106.68235	9.002039	28.979532	-0.7037522	9.82101	0.27601108	-3278.7888
-106.673584	9.00275	29.945517	-0.5052716	9.603907	0.16259007	-3272.3726
-106.66482	9.003463	30.9115	-0.10659507	8.363507	0.23742127	-3232.9456
-106.65605	9.004174	31.877485	0.38836426	5.6857095	0.48772714	-3259.7905
-106.647285	9.004886	32.84347	0.8774924	1.6713889	0.91082835	-3388.2522
-106.63852	9.005597	33.809456	1.1265973	-2.8399618	1.506777	-3314.4004
-106.62975	9.006309	34.77544	1.1969476	-7.0042624	2.279377	-3303.1104
-106.62099	9.007019	35.741425	1.0306631	-10.779211	3.0387475	-3307.9568
-106.61222	9.00773	36.70741	0.70072436	-14.641549	3.7637758	-3344.282
-106.603455	9.00844	37.673393	0.30800492	-18.031603	4.3232627	-3263.6965
-106.59469	9.0091505	38.639378	-0.17069443	-20.378235	4.6992736	-3239.0237
-106.585915	9.00986	39.605362	-0.7112346	-21.347912	4.7353916	-3336.2795
-106.57715	9.010571	40.571346	-1.2735213	-21.254457	4.494846	-3372.3372
-106.56838	9.01128	41.53733	-1.8140407	-20.409088	4.1033826	-3384.8076
-106.559616	9.01199	42.503315	-2.3109705	-19.116629	3.599918	-3390.1787
-106.55085	9.012698	43.4693	-2.7083652	-17.230228	3.1216676	-3388.3237
-106.54208	9.013408	44.435284	-2.9646013	-14.533906	2.7086062	-3382.7688
-106.53332	9.014116	45.401268	-2.9326475	-11.625848	2.4459295	-3376.7996
-106.52455	9.014825	46.367252	-2.7274165	-9.124589	2.3094864	-3372.1094
-106.515785	9.015533	47.333237	-2.4710822	-7.189839	2.3263624	-3371.2622
-106.50702	9.016242	48.29922	-2.2379456	-5.4497914	2.4021575	-3377.027
-106.49825	9.01695	49.265205	-2.2650583	-4.10833	2.5051277	-3382.543
-106.48949	9.017657	50.23119	-2.4868615	-3.3921826	2.5384102	-3375.6152
-106.48072	9.018365	51.197174	-2.9311976	-3.5802417	2.4623818	-3354.2737
-106.471954	9.019073	52.16316	-3.4945273	-4.597584	2.2655466	-3345.9395
-106.46319	9.019779	53.129143	-3.9505455	-6.023927	1.935395	-3347.0894
-106.45442	9.020486	54.095127	-4.314006	-7.4317145	1.5379602	-3358.0422
-106.44565	9.021193	55.06111	-4.4566135	-8.822464	1.0781531	-3370.738
-106.43688	9.021899	56.027096	-4.5171194	-10.513158	0.5789753	-3388.308
-106.428116	9.022606	56.99308	-4.7595525	-12.078367	0.04653342	-3403.5342
-106.41935	9.023312	57.959064	-5.085658	-13.061528	-0.46238774	-3411.18
-106.41058	9.024018	58.92505	-5.4763665	-13.184027	-0.96833843	-3417.492
-106.40182	9.024723	59.891033	-5.861065	-12.690961	-1.5148184	-3424.741
-106.39305	9.025429	60.857018	-6.0267434	-11.774361	-2.1346989	-3454.733
-106.384285	9.0261345	61.823	-6.0630345	-10.62152	-2.8995235	-3458.2314
-106.37551	9.026839	62.788986	-6.0140247	-9.166282	-3.7700038	-3423.0386
-106.366745	9.027544	63.75497	-5.9398046	-7.238747	-4.72296	-3410.273
-106.35798	9.028249	64.720955	-6.044808	-5.220158	-5.7450523	-3411.5269
-106.34921	9.028954	65.68694	-6.246569	-3.5161397	-6.849176	-3442.9597
-106.34045	9.029657	66.65293	-6.4816637	-2.3201675	-7.844617	-3451.0935
-106.33168	9.030361	67.61892	-6.6905475	-1.3993473	-8.648161	-3445.3523
-106.322914	9.031065	68.58491	-6.647835	-0.7506433	-9.117031	-3443.1116
-106.31414	9.031769	69.550896	-6.4627547	-0.3745834	-9.179694	-3445.9368
-106.305374	9.032473	70.516884	-6.2531323	-0.28594014	-8.802682	-3442.798
-106.29661	9.033175	71.48287	-6.0322676	-0.49306685	-7.957553	-3438.153
-106.28784	9.033878	72.44886	-5.9222827	-0.95069873	-6.8682203	-3431.5676
-106.279076	9.034581	73.41485	-5.8618627	-1.6062881	-5.550557	-3417.5364
-106.2703	9.035284	74.38084	-5.7952876	-2.3995318	-4.3914986	-3406.933
-106.261536	9.035986	75.346825	-5.7169065	-3.3461888	-3.4091344	-3397.637
-106.25277	9.036689	76.31281	-5.63577	-4.5255814	-2.8423116	-3397.5916
-106.244	9.037391	77.2788	-5.530009	-6.005936	-2.6482477	-3407.7822
-106.23524	9.038092	78.24479	-5.31551	-7.8415723	-2.7916334	-3412.381
-106.22646	9.038794	79.21078	-5.032788	-9.982013	-3.1727796	-3412.624
-106.2177	9.0394945	80.176765	-4.7117805	-12.305446	-3.5183978	-3400.8374
-106.20893	9.040196	81.14275	-4.3672547	-14.706768	-3.809543	-3387.979
-106.200165	9.040896	82.10874	-4.0499425	-17.213125	-3.8975594	-3381.4905
-106.19139	9.041597	83.07473	-3.7449923	-19.92223	-3.869372	-3376.4915
-106.182625	9.042298	84.04072	-3.4695354	-22.632008	-3.7303905	-3369.9329
-106.17386	9.042998	85.00671	-3.2298105	-25.1383	-3.663494	-3364.558
-106.16509	9.043698	85.972694	-3.037239	-27.438751	-3.7942026	-3362.8406
-106.15633	9.044398	86.93868	-2.9477818	-29.729382	-4.1536093	-3365.004
-106.14755	9.045098	87.90467	-3.086473	-31.738256	-4.8341327	-3370.6772
-106.13879	9.045797	88.87066	-3.42255	-33.171085	-5.6133637	-3381.3125
-106.13002	9.046496	89.83665	-3.9571059	-33.964634	-6.470149	-3394.5337
-106.12125	9.047195	90.802635	-4.5767007	-34.3682	-7.138794	-3399.2585
-106.11248	9.0478945	91.76862	-5.0142546	-34.10473	-7.603963	-3402.4395
-106.103714	9.0485935	92.73461	-5.2387476	-32.874638	-7.62753	-3394.5796
-106.09495	9.049292	93.7006	-5.003182	-30.443766	-7.22855	-3361.7866
-106.086174	9.04999	94.66659	-4.4179177	-26.942778	-6.4938207	-3331.1443
-106.07741	9.050688	95.632576	-3.5527894	-22.612532	-5.4619203	-3308.165
-106.06864	9.051385	96.598564	-2.5645373	-17.700846	-4.303426	-3289.427
-106.05987	9.052083	97.56455	-1.9807346	-12.1171255	-3.049155	-3279.377
-106.0511	9.05278	98.53054	-1.6815106	-5.5442004	-1.859413	-3278.5667
-106.042336	9.053477	99.49653	-1.6616592	1.2541744	-0.7704494	-3282.0657
-106.03357	9.054174	100.46252	-1.8559034	7.482021	0.09158038	-3291.5894
-106.024796	9.054872	101.428505	-2.051872	12.808564	0.71926564	-3305.3748
-106.01603	9.055568	102.39449	-2.1929088	17.803503	1.0480767	-3320.0967
-106.00726	9.056264	103.36048	-1.9540571	22.132643	1.1466407	-3334.2898
-105.99849	9.05696	104.32647	-1.4265943	25.424715	1.0293878	-3343.1487
-105.98972	9.057656	105.29246	-0.7101097	27.383837	0.7371715	-3346.6404
-105.98096	9.0583515	106.258446	0.104256496	28.173162	0.273628	-3344.1113
-105.97218	9.059047	107.224434	0.5550437	28.144257	-0.24542536	-3340.3923
-105.96342	9.059742	108.19042	0.6690202	27.631737	-0.8052318	-3340.6694
-105.95465	9.060437	109.15641	0.19303183	26.692055	-1.3929648	-3336.1536
-105.94588	9.061132	110.1224	-0.72570944	24.999275	-2.0264595	-3328.9172
-105.93711	9.061827	111.08839	-1.5826707	22.982567	-2.5764039	-3320.6614
-105.92834	9.062521	112.054375	-2.3534641	21.115194	-3.0256476	-3311.7026
-105.91957	9.063215	113.02036	-2.5381107	19.648468	-3.3003538	-3307.301
-105.910805	9.06391	113.98635	-2.259464	18.263613	-3.4095469	-3303.9631
-105.90203	9.064604	114.95234	-1.7271322	17.059908	-3.3184083	-3305.3242
-105.893265	9.065297	115.91833	-0.9848006	16.17281	-3.0375	-3310.8425
-105.8845	9.06599	116.884315	-0.3653027	15.689945	-2.5795383	-3313.0894
-105.875725	9.066684	117.8503	0.14310531	15.536762	-1.9737462	-3306.3062
-105.86696	9.067377	118.81629	0.3978958	15.712003	-1.2895825	-3288.7822
-105.858185	9.068069	119.78228	0.45783868	16.218906	-0.55593216	-3277.7458
-105.84942	9.068762	120.74827	0.4747404	17.144403	0.17684516	-3277.2974
-105.84065	9.069454	121.71426	0.46367487	18.593369	0.8831096	-3276.04
-105.83188	9.070147	122.680244	0.56864023	20.26197	1.549314	-3271.4102
-105.82311	9.070838	123.64623	0.76524293	21.82157	2.1052985	-3265.88
-105.81434	9.07153	124.61222	1.0468731	23.074015	2.5127459	-3280.5457
-105.80557	9.072222	125.57821	1.3495666	24.230162	2.7826676	-3279.0305
-105.7968	9.072913	126.5442	1.3283111	25.268364	2.913261	-3262.4458
-105.78803	9.073604	127.510185	1.0170286	26.140463	2.845799	-3220.7312
-105.77927	9.074295	128.47617	0.37504458	26.870476	2.577186	-3398.5513
-105.77049	9.0749855	129.44215	-0.56620365	27.561491	2.1210618	-3432.065
-105.76173	9.075676	130.40814	-1.6104673	27.999186	1.4717983	-3399.4136
-105.75295	9.076366	131.37413	-2.7553778	27.949821	0.6894854	-3340.5552
-105.74419	9.077056	132.34012	-3.945603	27.234798	-0.2043152	-3303.1865
-105.73541	9.077746	133.3061	-5.1416774	25.951736	-1.0593382	-3309.1697
-105.72665	9.078436	134.2721	-6.14401	24.214554	-1.8695784	-3313.1438
-105.71787	9.079125	135.23808	-6.924502	22.132196	-2.5657754	-3325.8174
-105.70911	9.079815	136.20407	-7.258181	19.735533	-3.1379113	-3329.5796
-105.70033	9.080503	137.17006	-7.16005	16.894178	-3.5760965	-3302.6353
-105.69157	9.081192	138.13605	-6.5334096	13.76709	-3.839571	-3266.989
-105.68279	9.081881	139.10204	-5.4570427	10.549991	-3.8473837	-3285.052
-105.67403	9.082569	140.06802	-4.232487	7.347145	-3.7031105	-3330.4585
-105.66525	9.083258	141.03401	-2.87349	4.006847	-3.4911942	-3324.478
-105.65649	9.083945	142.0	-1.747627	0.6921844	-3.1311018	-3333.5928
-105.64771	9.084633	142.96599	-0.7765615	-2.4349453	-2.597877	-3303.8984
-105.63895	9.08532	143.93198	0.22328359	-5.227973	-1.906616	-3271.865
-105.63017	9.086008	144.89796	1.2368226	-7.69968	-1.0483037	-3281.8184
-105.62141	9.086695	145.86395	2.2687914	-10.135448	-0.080128476	-3289.032
-105.61263	9.087382	146.82994	3.314903	-12.8267	0.99011576	-3300.3699
-105.60387	9.088069	147.79593	4.37457	-16.033806	2.0746777	-3319.9216
-105.59509	9.088756	148.76192	5.435965	-19.710274	3.1686356	-3316.9736
-105.58633	9.089441	149.7279	6.4803433	-23.593845	4.219655	-3307.2517
-105.57755	9.090128	150.6939	7.494149	-27.423536	5.2141504	-3322.7686
-105.56879	9.090814	151.65988	8.516866	-31.137934	6.0607305	-3341.9421
-105.56001	9.091499	152.62587	9.522695	-35.116234	6.7736654	-3331.0989
-105.55125	9.092185	153.59186	10.398158	-38.929184	7.3657417	-3335.0195
-105.54247	9.09287	154.55785	11.148706	-42.057137	7.837053	-3355.9106
-105.5337	9.0935545	155.52383	11.589901	-44.058083	8.165147	-3365.92
-105.52493	9.094239	156.48982	11.734696	-45.118008	8.34732	-3317.0186
-105.51616	9.094924	157.45581	11.443138	-45.5623	8.380906	-3202.33
-105.50739	9.095609	158.4218	10.747828	-45.677258	8.33359	-3100.1958
-105.49862	9.0962925	159.38779	9.755686	-45.52729	8.241065	-3042.5867
-105.48985	9.096977	160.35378	8.469228	-44.683456	8.139133	-3022.8376
-105.48108	9.097661	161.31976	7.2492833	-43.60971	8.046495	-3074.3408
-105.472305	9.098344	162.28575	6.0671268	-42.883076	7.8958106	-3160.3538
-105.46354	9.099028	163.25174	5.1961026	-42.936478	7.678769	-3255.855
-105.454765	9.09971	164.21773	4.585894	-43.442707	7.3340955	-3294.841
-105.446	9.100393	165.18372	4.016544	-44.339268	6.858847	-3293.4275
-105.437225	9.101076	166.1497	3.4834676	-45.620987	6.1171975	-3307.439
-105.42845	9.101759	167.11569	2.6961038	-47.40271	5.1154885	-3280.3157
-105.419685	9.102441	168.08168	1.7017491	-49.944473	3.846677	-3202.3887
-105.41091	9.103124	169.04767	0.6466466	-52.718777	2.357672	-3132.3025
-105.40214	9.103806	170.01366	-0.4479918	-55.11075	0.8854875	-3089.2834
-105.39337	9.104486	170.97964	-1.4295491	-56.721992	-0.55969626	-3086.984
-105.3846	9.105168	171.94563	-2.3098285	-58.035496	-1.859289	-3096.2886
-105.375824	9.105849	172.91162	-3.110624	-58.780636	-2.9765952	-3140.046
-105.36706	9.10653	173.87761	-3.8362775	-58.575855	-3.7969186	-3222.7473
-105.358284	9.107211	174.8436	-4.461856	-57.057224	-4.355869	-3143.4897
-105.34952	9.107892	175.80959	-4.980143	-54.22631	-4.6340737	-3117.1028
-105.340744	9.108572	176.77557	-5.2970357	-50.47044	-4.7039127	-3146.5242
-105.33197	9.109253	177.74156	-5.4083643	-46.217834	-4.5913744	-3187.9785
-105.323204	9.109933	178.70755	-5.1356378	-41.646744	-4.3480244	-3284.762
-105.31443	9.110613	179.67354	-4.49017	-36.12351	-3.9990458	-3318.6047
-105.30566	9.111292	180.63953	-3.7099369	-30.426138	-3.6020691	-3269.5051
-105.29689	9.111971	181.60551	-2.8060572	-25.500683	-3.17173	-3210.613
-105.28812	9.112651	182.5715	-2.0173836	-22.078457	-2.7051914	-3180.5378
-105.27934	9.11333	183.53749	-1.3434129	-19.704931	-2.19229	-3158.421
-105.27057	9.114008	184.50348	-1.0145725	-18.180304	-1.7058766	-3164.5105
-105.2618	9.114687	185.46947	-1.0205358	-17.39597	-1.2502884	-3180.2112
-105.25303	9.115365	186.43546	-1.3133276	-17.323538	-0.82207006	-3163.6716
-105.244255	9.116043	187.40144	-1.8839247	-18.176872	-0.42205685	-3155.5732
-105.23549	9.116721	188.36743	-2.5890226	-19.6748	-0.0980808	-3160.8992
-105.226715	9.117398	189.33342	-3.4195786	-21.467573	0.14772503	-3164.2646
-105.21794	9.118076	190.29941	-4.1268697	-23.263313	0.2636615	-3144.7874
-105.20917	9.118753	191.2654	-4.7229333	-25.186922	0.2634985	-3131.869
-105.2004	9.119431	192.23138	-5.1411457	-27.353456	0.1424636	-3201.0325
-105.19163	9.120108	193.19737	-5.386151	-29.876316	-0.11653735	-3258.0688
-105.18285	9.120784	194.16336	-5.4401317	-32.945305	-0.5563412	-3272.5269
-105.17408	9.12146	195.12935	-5.300555	-36.75404	-1.0994302	-3285.047
-105.16531	9.122137	196.09534	-5.0163713	-40.92938	-1.7012014	-3265.7297
-105.15654	9.122812	197.06133	-4.593275	-45.014473	-2.3526096	-3268.2097
-105.147766	9.123488	198.02731	-4.1426497	-48.69921	-3.0551775	-3256.439
-105.13899	9.124164	198.9933	-3.6579866	-52.441742	-3.6672323	-3226.6047
-105.130226	9.12484	199.95929	-3.1984656	-55.929947	-4.166414	-3254.6292
-105.12145	9.125514	200.92528	-2.7685049	-58.710228	-4.39038	-3293.3752
-105.11268	9.126189	201.89127	-2.2879875	-60.34999	-4.3071175	-3247.7708
-105.103905	9.126864	202.85725	-1.7517877	-60.86189	-3.8323526	-3221.6372
-105.09514	9.127539	203.82324	-1.175421	-60.674267	-2.9467678	-3241.0933
-105.086365	9.128213	204.78923	-0.5650486	-60.223553	-1.637144	-3196.7698
-105.07759	9.128887	205.75522	0.06009357	-59.81525	0.06492197	-3169.8953
-105.06882	9.129561	206.7212	0.6975871	-59.08479	1.8876009	-3241.391
-105.06004	9.130235	207.6872	1.1142995	-58.168777	3.7675512	-3260.3987
-105.05128	9.130908	208.65318	1.3154331	-57.322704	5.35556	-3206.8782
-105.0425	9.131581	209.61917	1.2974494	-56.74149	6.5677323	-3210.485
-105.03373	9.132255	210.58516	1.0559632	-56.224983	7.0683603	-3218.6067
-105.024956	9.132927	211.55115	0.76355535	-55.844574	7.0197105	-3197.405
-105.01618	9.1336	212.51714	0.4243683	-55.738354	6.507511	-3136.9133
-105.007416	9.134273	213.48312	0.26371303	-56.06667	5.673324	-3043.2427
-104.99864	9.134945	214.44911	0.2851028	-56.926987	4.5911555	-3065.3018
-104.98987	9.135616	215.4151	0.586566	-58.034245	3.480978	-3158.8413
-104.981094	9.136289	216.38109	1.1844215	-59.05859	2.4648287	-3194.6833
-104.97232	9.13696	217.34708	1.7814987	-59.80456	1.6224244	-3182.4858
-104.96355	9.137631	218.31306	2.3781533	-60.719032	0.9903493	-3168.7622
-104.95477	9.138303	219.27905	2.7819016	-61.406746	0.51817	-3178.6685
-104.94601	9.138973	220.24504	2.9979022	-61.30455	0.20008963	-3166.7803
-104.93723	9.139645	221.21103	2.77165	-59.83079	-0.058164958	-3144.789
-104.92846	9.140315	222.17702	2.0748835	-56.83122	-0.27406323	-3159.4539
-104.919685	9.1409855	223.143	1.2826768	-53.02657	-0.39468828	-3164.6294
-104.91091	9.141655	224.109	0.37354308	-49.22457	-0.4146139	-3207.1362
-104.90214	9.142325	225.07498	-0.23425245	-46.053658	-0.2653022	-3211.292
-104.893364	9.142995	226.04097	-0.5340467	-42.902428	0.022212515	-3174.4683
-104.88459	9.143664	227.00696	-0.57724786	-39.986526	0.42639613	-3178.1375
-104.875824	9.144334	227.97295	-0.34568024	-37.756706	0.8975305	-3122.074
-104.86705	9.145002	228.93893	-0.295093	-36.6784	1.3641596	-3042.6035
-104.85828	9.145672	229.90492	-0.41471952	-36.876057	1.696934	-3076.615
-104.8495	9.14634	230.87091	-0.60884225	-37.81297	1.710513	-3145.686
-104.84073	9.147009	231.8369	-0.88971364	-38.908825	1.3897418	-3120.237
-104.831955	9.147676	232.80289	-0.82501084	-39.683723	0.614901	-3084.2012
-104.82318	9.148345	233.76888	-0.39815962	-40.42118	-0.39492765	-3071.9946
-104.81441	9.149013	234.73486	0.17553264	-41.29858	-1.6087996	-2981.5864
-104.80563	9.14968	235.70085	0.895045	-42.39511	-2.7167392	-2915.7322
-104.79686	9.150348	236.66684	1.3681455	-43.720142	-3.638936	-3024.8335
-104.788086	9.151014	237.63283	1.5798827	-45.030132	-4.2630405	-3019.6946
-104.77931	9.151682	238.59882	1.504061	-46.691906	-4.566654	-2936.0908
-104.770546	9.1523485	239.5648	1.1295153	-49.166706	-4.5629163	-2956.9377
-104.76177	9.153015	240.53079	0.6728571	-52.904152	-4.2561045	-3018.4265
-104.753	9.153681	241.49678	0.14150774	-58.047302	-3.6930594	-3056.462
-104.744225	9.154347	242.46277	-0.31604138	-64.03639	-2.9099848	-3101.3364
-104.73545	9.155013	243.42876	-0.69545317	-70.22353	-2.0861623	-3163.8027
-104.72668	9.155679	244.39474	-1.0197887	-76.068855	-1.2712045	-3059.9197
-104.7179	9.156344	245.36073	-1.3009642	-82.009	-0.68373764	-3086.3232
-104.70913	9.15701	246.32672	-1.6049373	-87.90507	-0.3135808	-3136.5486
-104.700356	9.157675	247.29271	-1.9347287	-93.430885	-0.26800147	-3113.2546
-104.69158	9.1583395	248.2587	-2.0792646	-98.26102	-0.43219748	-3156.2798
-104.68281	9.159004	249.22469	-2.0032048	-102.274956	-0.77611405	-3153.899
-104.674034	9.159669	250.19067	-1.7971851	-105.87648	-1.0780648	-3162.6973
-104.66526	9.160333	251.15666	-1.4684767	-109.49875	-1.1872332	-3087.3193
-104.65649	9.160996	252.12265	-1.0503005	-113.47056	-1.0740149	-3064.3127
-104.64771	9.16166	253.08864	-0.542749	-117.46119	-0.6685088	-3069.3542
-104.63894	9.162324	254.05463	-0.2000596	-121.45564	-0.11895927	-3048.0408
-104.630165	9.162988	255.02061	-0.052025925	-125.58301	0.5522052	-2960.719
-104.62139	9.1636505	255.9866	-0.04343139	-130.01248	1.1527892	-2916.4
-104.61262	9.164313	256.95258	-0.172832	-134.88019	1.6606467	-3006.522
-104.60384	9.164976	257.91855	-0.33448628	-139.82526	1.9148035	-3101.591
-104.59507	9.165639	258.88452	-0.5133751	-144.43854	1.9157945	-3087.9585
-104.586296	9.166301	259.8505	-0.6446943	-148.37238	1.7157134	-3019.8755
-104.57752	9.166964	260.81647	-0.69859713	-151.72627	1.3516023	-2995.5515
-104.56875	9.167625	261.78244	-0.85766137	-154.69553	1.0550205	-2984.8965
-104.559975	9.168286	262.7484	-1.1704154	-157.43402	0.8317295	-2965.0964
-104.5512	9.168948	263.7144	-1.5998209	-160.10211	0.8219944	-3010.7893
-104.54243	9.169609	264.68036	-2.162682	-162.80275	0.9800959	-3073.0596
-104.533646	9.170271	265.64633	-2.644738	-165.31683	1.3041567	-3199.2527
-104.52487	9.170931	266.6123	-3.023532	-167.37164	1.7132643	-3218.3088
-104.5161	9.171592	267.57828	-3.2304873	-168.7458	2.1524863	-3209.5537
-104.507324	9.172253	268.54425	-3.237592	-169.71194	2.5242395	-3209.7544
-104.49855	9.172913	269.51022	-3.016156	-170.13243	2.7513006	-3133.9114
-104.48978	9.173573	270.4762	-2.5438673	-169.72939	2.8395193	-3054.7998
-104.481	9.1742325	271.44217	-1.9954878	-168.19879	2.7823381	-3016.4758
-104.47223	9.174891	272.40814	-1.3772753	-165.30849	2.5426152	-2950.8086
-104.463455	9.175551	273.3741	-0.68675923	-161.54747	2.1080835	-2927.2288
-104.45468	9.17621	274.3401	0.0942448	-157.52104	1.4891421	-2949.7192
-104.44591	9.176869	275.30606	0.6861975	-153.74036	0.66620934	-2969.6
-104.43713	9.177527	276.27203	1.056314	-149.75702	-0.26734933	-2991.9773
-104.42835	9.178186	277.238	1.1190859	-145.71051	-1.3055142	-3069.7122
-104.41958	9.178844	278.20398	0.83004594	-141.98102	-2.3623784	-3109.946
-104.410805	9.1795025	279.16995	0.1980128	-138.93367	-3.4126961	-3099.9834
-104.40203	9.1801605	280.13593	-0.820476	-136.62927	-4.2745013	-3066.9346
-104.39326	9.180819	281.1019	-1.9286034	-134.7195	-4.943976	-3047.3926
-104.38448	9.181476	282.06787	-3.1156924	-132.8331	-5.328799	-3026.4155
-104.37571	9.182133	283.03384	-4.1028357	-130.6415	-5.4093623	-2979.2683
-104.36693	9.18279	283.99982	-4.856978	-128.27638	-5.0947366	-2930.891
-104.358154	9.183447	284.9658	-5.144127	-125.8383	-4.4681835	-2993.0173
-104.34938	9.184103	285.93176	-4.8920293	-123.33799	-3.6111681	-3102.5532
-104.34061	9.18476	286.89774	-4.1293426	-120.72949	-2.5287611	-3165.6694
-104.33183	9.185416	287.8637	-2.8081088	-117.68249	-1.2012733	-3188.014
-104.32306	9.186071	288.82968	-1.227624	-114.544365	0.19214469	-3104.3933
-104.314285	9.186728	289.79565	0.5809764	-111.84191	1.5676501	-2990.4482
-104.305504	9.187383	290.76163	2.3504672	-110.064865	2.881882	-2866.8616
-104.29673	9.188039	291.7276	4.015684	-109.04719	4.0938683	-2799.4514
-104.28796	9.188694	292.69357	5.5437717	-108.61611	5.2825537	-2809.3672
-104.27918	9.189348	293.65955	6.8960266	-108.7213	6.4349523	-2782.58
-104.27041	9.190003	294.62552	8.296786	-109.36228	7.698798	-2726.0044
-104.26163	9.190658	295.5915	9.805323	-110.8165	9.06903	-2748.762
-104.25285	9.191312	296.55746	11.228292	-112.83325	10.503241	-2747.2366
-104.24408	9.191966	297.52344	12.568573	-114.99647	11.929711	-2714.74
-104.235306	9.192619	298.4894	13.628108	-116.89789	12.986382	-2717.7927
-104.22653	9.193274	299.45538	14.419001	-118.58143	13.699818	-2671.2952
-104.21775	9.193927	300.42136	14.6426	-120.23883	13.990563	-2611.692
-104.20898	9.19458	301.38733	14.225799	-122.03048	13.872186	-2596.971
-104.2002	9.195233	302.3533	13.229919	-124.14678	13.29814	-2639.7756
-104.19143	9.195886	303.31927	11.604763	-126.736725	12.333252	-2720.1934
-104.182655	9.196538	304.28525	9.830993	-129.5646	11.021323	-2716.5676
-104.173874	9.19719	305.25122	7.942126	-132.33078	9.471987	-2721.4055
-104.1651	9.197843	306.2172	6.2307715	-134.80388	7.7268324	-2790.772
-104.15633	9.198495	307.18317	4.769466	-137.45657	5.901706	-2877.4722
-104.14755	9.199146	308.14914	3.5769973	-140.00578	4.0403504	-2866.8367
-104.13877	9.199798	309.1151	2.6725435	-141.87486	2.2781646	-2875.372
-104.13	9.200449	310.0811	1.939655	-142.52425	0.63503975	-2969.475
-104.12122	9.2011	311.04706	1.3417168	-142.15807	-0.7524447	-2987.3726
-104.11245	9.201751	312.01303	0.9254005	-140.9471	-1.864798	-2921.7551
-104.10367	9.202402	312.979	0.7343961	-138.89153	-2.7157564	-2972.4705
-104.094894	9.2030525	313.94498	0.58653426	-135.96332	-3.3121467	-2961.1255
-104.08612	9.203703	314.91095	0.45563766	-132.08823	-3.6789596	-2972.5823
-104.07734	9.204352	315.87692	0.32253718	-127.32584	-3.815667	-3000.9307
-104.068565	9.205003	316.8429	0.22904491	-121.76094	-3.7366834	-2963.622
-104.05979	9.205652	317.80887	-0.030652728	-115.41647	-3.498522	-2959.953
-104.05102	9.206302	318.77484	-0.580358	-107.768036	-3.233393	-2972.932
-104.04224	9.20695	319.7408	-0.9984028	-99.25969	-2.9656973	-2972.5776
-104.03346	9.2076	320.7068	-1.2179737	-90.67753	-2.7878344	-3001.4504
-104.02469	9.208248	321.67276	-1.2142011	-82.75075	-2.722098	-3046.8442
-104.01591	9.208897	322.63873	-0.907598	-74.96548	-2.8401198	-3059.9954
-104.00713	9.209545	323.6047	-0.6907468	-67.401566	-3.0405428	-3033.2542
-103.99836	9.210194	324.57068	-0.63885725	-60.53715	-3.2868953	-2937.7532
-103.98958	9.210841	325.53665	-0.80300355	-54.84022	-3.5548518	-2940.9238
-103.980804	9.211489	326.50262	-1.250399	-50.349686	-3.8468828	-3033.4094
-103.97203	9.212136	327.4686	-1.6354961	-46.77612	-4.054605	-3064.4355
-103.96325	9.212784	328.43457	-1.9144396	-43.849106	-4.1613564	-3077.6833
-103.954475	9.21343	329.40054	-2.033517	-41.328987	-4.2269015	-3123.2212
-103.9457	9.214077	330.36652	-1.9387394	-39.478386	-4.2566447	-3183.0952
-103.93692	9.214724	331.3325	-1.8456088	-38.21964	-4.1365247	-3168.774
-103.92815	9.21537	332.29846	-1.7688955	-37.26734	-3.87977	-3248.3638
-103.91937	9.216017	333.26443	-1.8358262	-36.315147	-3.655246	-3288.7908
-103.91059	9.216662	334.2304	-2.107306	-35.235916	-3.4571004	-3192.4685
-103.90182	9.217308	335.19638	-2.3875794	-34.285103	-3.2689724	-3211.804
-103.89304	9.217954	336.16235	-2.6428528	-33.773026	-3.1140966	-3264.9868
-103.88426	9.218599	337.12833	-2.8544254	-34.02809	-3.0769932	-3185.0767
-103.87549	9.219244	338.0943	-3.0183055	-35.24985	-3.1410904	-3156.5027
-103.86671	9.21989	339.06027	-3.1923256	-37.05162	-3.3489492	-3169.3289
-103.85793	9.220534	340.02625	-3.3804996	-38.957226	-3.560614	-3132.3628
-103.84916	9.221179	340.99222	-3.5206819	-40.561398	-3.6629481	-3079.9744
-103.84038	9.221823	341.9582	-3.6070085	-42.357494	-3.6120203	-3122.5403
-103.831604	9.222466	342.92416	-3.6068377	-44.169666	-3.3587642	-3146.4502
-103.82282	9.223111	343.89014	-3.5114954	-45.42993	-2.7991905	-3169.2888
-103.81405	9.223755	344.8561	-3.2039287	-45.54987	-1.8755041	-3135.2444
-103.805275	9.224398	345.82208	-2.643428	-44.284725	-0.71792704	-3137.883
-103.79649	9.225041	346.78806	-1.9326837	-42.172913	0.6850657	-3166.4846
-103.78772	9.225684	347.75403	-1.0857964	-39.850822	2.053808	-3124.348
-103.77894	9.226327	348.72	-0.15769687	-37.907845	3.3747778	-3030.8464
-103.770164	9.22697	349.68597	0.8379005	-36.00863	4.459736	-2980.2092
-103.76139	9.227612	350.65195	1.9059374	-34.11324	5.3186107	-3024.5818
-103.75261	9.228254	351.61792	3.087533	-32.480377	5.904592	-3030.0957
-103.743835	9.228896	352.5839	4.122897	-31.363403	6.2388535	-3030.7246
-103.735054	9.229538	353.54987	4.964452	-30.91939	6.38518	-3050.7534
-103.72628	9.230179	354.51584	5.4850535	-30.81248	6.3612547	-3060.887
-103.7175	9.230821	355.4818	5.5724792	-30.626247	6.213823	-3049.53
-103.708725	9.231462	356.44778	5.4538727	-29.977358	5.962443	-3023.6123
-103.69994	9.232102	357.41376	5.153526	-28.87576	5.687591	-3016.8057
-103.69117	9.232743	358.37973	4.8339763	-27.53107	5.3622675	-3060.4534
-103.68239	9.233383	359.3457	4.551388	-26.107313	4.95285	-3058.0623
-103.673615	9.234024	360.31168	4.2872033	-24.762768	4.5481377	-3062.459
-103.66483	9.234664	361.27765	4.085553	-23.380098	4.2034955	-3089.7747
-103.65606	9.235304	362.24362	3.872025	-22.007322	3.8950896	-3073.6082
-103.647285	9.235943	363.2096	3.6092558	-20.810074	3.6199894	-3061.8696
-103.638504	9.236583	364.17557	3.3505175	-19.953362	3.419183	-3090.4377
-103.62973	9.237222	365.14154	3.0959308	-19.566628	3.3118966	-3118.3025
-103.62095	9.237861	366.1075	2.9902153	-19.469467	3.2381358	-3123.544
-103.612175	9.2385	367.0735	3.080066	-19.396494	3.1962295	-3123.5166
-103.60339	9.239138	368.03946	3.3489208	-19.089285	3.0713234	-3115.583
-103.59462	9.239777	369.00543	3.8198276	-18.763605	2.8664157	-3148.793
-103.58584	9.240415	369.9714	4.2992206	-18.340555	2.543623	-3103.7693
-103.57706	9.241053	370.93738	4.7518363	-17.532309	2.1046457	-3089.0085
-103.56828	9.24169	371.90335	5.0034075	-16.063862	1.5391431	-3112.3923
-103.5595	9.242328	372.86932	5.0091023	-13.884691	0.91046965	-3128.6404
-103.55073	9.242965	373.8353	4.780545	-11.184789	0.31558114	-3117.1106
-103.54195	9.243602	374.80127	4.2919116	-8.157558	-0.19171497	-3178.7122
-103.53317	9.244239	375.76724	3.6887538	-4.9727173	-0.5064982	-3179.4712
-103.52439	9.244875	376.73322	2.9505522	-1.185069	-0.61010915	-3163.8115
-103.51562	9.245512	377.6992	2.3193274	2.890827	-0.46913606	-3173.7832
-103.506836	9.246148	378.66516	1.8721141	6.550305	-0.05276465	-3206.104
-103.49806	9.246784	379.63113	1.6697359	9.119702	0.6888731	-3229.5935
-103.48928	9.247419	380.5971	1.7890786	10.738219	1.5952027	-3160.214
-103.4805	9.248055	381.56308	2.037396	11.619064	2.6374824	-3152.6155
-103.471725	9.248691	382.52905	2.3781953	11.757271	3.6579049	-3126.4214
-103.462944	9.249326	383.49503	2.6521468	11.145951	4.6312723	-3112.702
-103.45417	9.249961	384.461	2.7743304	9.443157	5.3745093	-3096.0212
-103.44539	9.250595	385.42697	2.886792	6.9743934	5.883782	-3143.0493
-103.436615	9.25123	386.39294	2.9994805	4.3578057	6.0392227	-3206.5872
-103.42783	9.251864	387.35892	3.2194493	2.1918604	5.8657646	-3154.6055
-103.41905	9.252498	388.3249	3.624979	0.46896312	5.4717007	-3228.4849
-103.41028	9.253132	389.29086	4.0823936	-1.0744439	4.906287	-3336.436
-103.4015	9.253765	390.25684	4.552611	-2.5877163	4.3765955	-3240.597
-103.39272	9.254399	391.2228	4.9704366	-4.2195644	3.8903253	-3147.5615
-103.38394	9.255033	392.18878	5.3003974	-5.760965	3.5511005	-3174.843
-103.37516	9.255665	393.15475	5.6268377	-7.315027	3.3166816	-3128.8894
-103.36639	9.256298	394.12073	5.973788	-9.201643	3.1951911	-3121.493
-103.357605	9.25693	395.0867	6.351763	-11.75416	3.1871243	-3161.311
-103.34882	9.257563	396.05267	6.8128815	-15.321888	3.2850945	-3183.9702
-103.34005	9.258195	397.01865	7.1674995	-19.491	3.4528017	-3164.3523
-103.33127	9.258827	397.98462	7.342778	-23.608397	3.702098	-3148.7957
-103.322495	9.259459	398.9506	7.334319	-27.028242	3.9385178	-3171.6204
-103.31371	9.26009	399.91656	7.089799	-29.995758	4.134228	-3180.8486
-103.30493	9.260721	400.88254	6.7251	-32.602367	4.2566247	-3156.0327
-103.29616	9.261353	401.8485	6.242449	-34.58858	4.2994933	-3128.8445
-103.28738	9.261983	402.81448	5.83413	-35.70361	4.3023405	-3113.1685
-103.278595	9.262614	403.78046	5.6129155	-35.714527	4.2714844	-3105.846
-103.26982	9.263245	404.74643	5.4506407	-34.937256	4.236651	-3122.612
-103.26104	9.263875	405.7124	5.3205233	-33.84555	4.205758	-3152.4248
-103.25226	9.264504	406.67838	5.227059	-32.89948	4.2438855	-3189.0151
-103.243484	9.265135	407.64435	5.1897264	-32.022644	4.3393364	-3230.227
-103.2347	9.265764	408.61032	5.1175785	-31.062752	4.542715	-3268.8804
-103.22592	9.266394	409.5763	4.949816	-30.037636	4.7777395	-3322.141
-103.21715	9.267022	410.54227	4.7066755	-28.95996	4.8950253	-3305.845
-103.20837	9.267652	411.50824	4.3947115	-27.817476	4.901217	-3279.4578
-103.199585	9.26828	412.4742	4.047341	-26.61055	4.7565584	-3279.562
-103.1908	9.2689085	413.4402	3.6486933	-25.349596	4.4779816	-3260.1516
-103.18203	9.269537	414.40616	3.2904046	-24.04589	4.021813	-3238.722
-103.17325	9.270165	415.37213	3.0224354	-22.808847	3.5969787	-3260.2
-103.16447	9.270793	416.3381	2.8229783	-21.539871	3.2930486	-3252.553
-103.15569	9.2714205	417.30408	2.667014	-20.04124	3.0971603	-3224.9067
-103.14691	9.272048	418.27005	2.5955582	-18.121391	3.020732	-3235.463
-103.13813	9.2726755	419.23602	2.6791947	-15.749938	3.0283341	-3209.0217
-103.12935	9.273302	420.202	2.805769	-13.038327	3.1162558	-3264.4963
-103.120575	9.273929	421.16797	2.9179058	-10.07902	3.1136677	-3290.3674
-103.11179	9.274555	422.13394	3.0297318	-6.9560137	3.0123165	-3306.7053
-103.10301	9.275182	423.0999	3.131785	-3.4631526	2.7332878	-3325.2107
-103.09423	9.275808	424.0659	3.2782571	0.29184577	2.3091662	-3270.8752
-103.08546	9.276434	425.03186	3.4786842	3.983617	1.8142117	-3218.7295
-103.076675	9.27706	425.99783	3.7361178	7.2879596	1.276071	-3249.3484
-103.067894	9.277685	426.9638	4.0710864	10.186936	0.8242853	-3286.4683
-103.05911	9.278311	427.92978	4.436736	12.840958	0.4921125	-3237.128
-103.05034	9.278935	428.89575	4.870126	15.336341	0.41443175	-3190.7705
-103.04156	9.27956	429.86172	5.135404	17.75383	0.5078515	-3203.2664
-103.032776	9.280185	430.8277	5.0880146	20.103373	0.7346727	-3286.3276
-103.023994	9.280809	431.79367	4.923984	22.327335	1.0039936	-3330.3208
-103.01522	9.281434	432.75964	4.646524	24.374926	1.2293756	-3327.4272
-103.00644	9.282058	433.72562	4.4332647	26.200226	1.4231869	-3364.0024
-102.99766	9.282681	434.6916	4.403722	27.959507	1.5815281	-3294.0618
-102.98888	9.283305	435.65756	4.499108	29.546782	1.6939992	-3291.6123
-102.980095	9.283929	436.62354	4.7574234	30.688812	1.7261257	-3256.5095
-102.97132	9.284552	437.5895	4.9812593	31.120764	1.9333477	-3281.4321
-102.96254	9.285174	438.55548	5.0817432	30.77716	2.347087	-3260.0393
-102.95376	9.285797	439.52145	5.049182	29.829062	2.9896631	-3284.1963
-102.94498	9.28642	440.48743	4.832687	28.431465	3.8555815	-3302.4502
-102.936195	9.287043	441.4534	4.5670476	26.723904	4.8056593	-3228.2664
-102.927414	9.287664	442.41937	4.3009024	24.596746	5.814588	-3284.1934
-102.91864	9.288286	443.38535	4.0805416	22.03539	6.7034464	-3303.8503
-102.90986	9.288908	444.35132	3.9786093	19.173128	7.448183	-3270.2417
-102.90108	9.289529	445.3173	3.8866117	16.14793	7.8704967	-3294.643
-102.892296	9.290151	446.28326	3.717568	12.781883	8.02992	-3340.6562
-102.883514	9.2907715	447.24924	3.6043808	9.12897	7.936848	-3325.4312
-102.87473	9.291392	448.2152	3.5685856	5.4852314	7.696423	-3276.7422
-102.86596	9.292013	449.18118	3.7009175	2.161891	7.413177	-3284.2932
-102.85718	9.292633	450.14716	4.0816245	-0.89563835	7.113231	-3302.2378
-102.8484	9.293253	451.11313	4.5898438	-3.7371585	6.825063	-3294.4333
-102.839615	9.293873	452.0791	5.2373476	-6.246967	6.5833855	-3273.8115
-102.83083	9.294493	453.04507	5.770452	-8.32303	6.429269	-3294.5342
-102.82205	9.295113	454.01105	6.0772595	-9.79185	6.2687197	-3264.0137
-102.81327	9.295732	454.97702	6.1048803	-10.804821	6.0801034	-3288.2417
-102.80449	9.2963505	455.943	5.8222523	-11.677181	5.801767	-3274.569
-102.795715	9.296969	456.90897	5.154562	-12.739881	5.4222045	-3272.119
-102.786934	9.297588	457.87494	3.956437	-14.196654	4.910972	-3282.1777
-102.77815	9.298207	458.8409	2.6352386	-15.803138	4.2621865	-3306.0742
-102.76937	9.298825	459.8069	1.3051132	-17.21009	3.4866507	-3332.5784
-102.76059	9.299443	460.77286	0.18567674	-18.05541	2.601863	-3364.0415
-102.75181	9.300061	461.73883	-0.5491093	-18.463646	1.6910552	-3394.3555
-102.74303	9.300678	462.7048	-0.9391881	-18.492264	0.7620667	-3408.6724
-102.734245	9.301296	463.67078	-0.9408861	-17.936598	-0.14721164	-3400.7922
-102.725464	9.301913	464.63675	-0.69886553	-16.602032	-0.9847964	-3389.1116
-102.71668	9.30253	465.60272	-0.21834336	-14.452341	-1.6631541	-3365.1252
-102.70791	9.303146	466.5687	0.26710734	-11.602844	-2.1878293	-3324.9067
-102.69913	9.303763	467.53467	0.6597053	-8.143456	-2.547578	-3285.9631
-102.690346	9.304379	468.50064	0.8631938	-4.1555295	-2.6832407	-3251.6753
-102.681564	9.304996	469.4666	0.76834077	0.7417866	-2.550383	-3221.6191
-102.67278	9.305612	470.4326	0.48310393	6.340773	-2.223766	-3190.5771
-102.664	9.306227	471.39856	-0.001262333	11.98541	-1.715369	-3157.6228
-102.65522	9.306843	472.36453	-0.53398764	17.02891	-1.1144056	-3126.7578
-102.64644	9.307458	473.3305	-1.0571654	21.734425	-0.44137886	-3100.7444
-102.63766	9.308073	474.29648	-1.4723141	26.214453	0.25534925	-3080.4788
-102.628876	9.308687	475.26245	-1.7341667	30.050188	0.97298497	-3063.3032
-102.620094	9.309302	476.22842	-1.832808	32.827053	1.6026304	-3048.7874
-102.61131	9.3099165	477.1944	-1.7315483	34.715134	2.1364417	-3031.7383
-102.60253	9.310531	478.16037	-1.4681593	35.7825	2.5335555	-3014.8696
-102.59375	9.311145	479.12634	-0.99046934	35.74428	2.8106089	-3006.3987
-102.58497	9.311758	480.09232	-0.45313638	34.31285	2.9937174	-3008.4011
-102.57619	9.312371	481.0583	0.106979586	31.353273	3.0689795	-3004.928
-102.567406	9.312984	482.02426	0.52675706	27.058077	3.0135393	-3002.8848
-102.558624	9.313598	482.99023	0.6558181	21.65826	2.8190713	-3017.492
-102.54984	9.314211	483.9562	0.6201118	15.378603	2.4886925	-3043.2244
-102.54106	9.314823	484.92218	0.4317131	7.7419286	1.9641664	-3066.2734
-102.53228	9.315435	485.88815	0.21375842	-1.0726463	1.1680754	-3097.6108
-102.5235	9.316048	486.85413	0.06556183	-10.241228	0.14358255	-3138.9875
-102.51472	9.31666	487.8201	-0.15151668	-18.936745	-1.144016	-3180.7761
-102.505936	9.317272	488.78607	-0.4752606	-27.73475	-2.475384	-3223.9326
-102.497154	9.3178835	489.75204	-0.9008556	-36.62392	-3.8105426	-3269.4153
-102.48837	9.318495	490.71802	-1.5063859	-44.56336	-4.946522	-3307.9402
-102.47959	9.319106	491.684	-2.146848	-50.501682	-5.857556	-3344.3174
-102.47081	9.319716	492.64996	-2.7882385	-54.418404	-6.380106	-3376.4482
-102.46203	9.320328	493.61594	-3.1850896	-56.701042	-6.512421	-3393.6248
-102.45325	9.320938	494.5819	-3.1489224	-57.313877	-6.3260293	-3402.2947
-102.444466	9.321548	495.54788	-2.7662938	-56.242165	-5.826479	-3411.6758
-102.435684	9.322159	496.51385	-1.9803289	-52.907673	-5.1347437	-3434.5366
-102.4269	9.322768	497.47983	-1.0511807	-47.64299	-4.2897434	-3495.0154
-102.41812	9.323378	498.4458	-0.07557232	-41.484646	-3.441706	-3457.611
-102.40934	9.323987	499.41177	0.6840466	-35.479523	-2.6013746	-3436.037
-102.40055	9.324596	500.37775	1.0075827	-29.225481	-1.9041477	-3445.5251
-102.39177	9.325206	501.34372	0.98293334	-22.546383	-1.3294412	-3457.782
-102.38299	9.325814	502.3097	0.5306061	-16.228964	-0.8842047	-3513.5105
-102.37421	9.326423	503.27567	-0.04031248	-11.065359	-0.57340854	-3512.7378
-102.365425	9.327031	504.24164	-0.5901629	-7.157593	-0.432746	-3406.876
-102.35664	9.32764	505.2076	-0.9468572	-4.1775064	-0.3767233	-3370.8696
-102.34786	9.328247	506.17358	-0.9180465	-2.0332038	-0.38675103	-3413.2556
-102.33908	9.328855	507.13956	-0.62895226	-0.6142922	-0.41031998	-3474.1003
-102.3303	9.329462	508.10553	-0.044666067	-0.23937756	-0.41996956	-3459.56
-102.32152	9.33007	509.0715	0.6059674	-0.7909096	-0.38368028	-3481.435
-102.31274	9.330676	510.03748	1.1867152	-1.6981341	-0.29518488	-3500.4995
-102.30395	9.331284	511.00345	1.6559278	-2.3823345	-0.16002096	-3459.623
-102.295166	9.33189	511.96942	1.9362272	-3.0038037	0.031008992	-3483.4143
-102.286385	9.332497	512.9354	2.0331626	-3.704813	0.2601754	-3464.4504
-102.2776	9.333102	513.9014	1.9104906	-4.1511188	0.52099335	-3532.1504
-102.26882	9.333709	514.86743	1.667152	-4.0045943	0.7811678	-3519.943
-102.26004	9.334314	515.83344	1.3117692	-2.9823003	1.0417852	-3416.5625
-102.25126	9.33492	516.79944	1.027008	-1.3615406	1.3000596	-3447.2559
-102.24248	9.3355255	517.76544	0.987696	0.39666003	1.5540744	-3394.448
-102.23369	9.33613	518.73145	1.0487978	1.8383136	1.81358	-3362.6326
-102.22491	9.336735	519.69745	1.1339827	3.2414012	2.0553505	-3379.25
-102.216125	9.337339	520.66345	1.2717016	4.676939	2.263055	-3404.8748
-102.207344	9.337944	521.62946	1.4902592	5.656678	2.3874333	-3416.5996
-102.19856	9.338549	522.59546	1.7063814	5.6859007	2.3969877	-3428.6404
-102.18978	9.339152	523.56146	1.856664	4.537074	2.307196	-3435.0408
-102.18099	9.339756	524.52747	1.9694839	2.5538306	2.0988758	-3504.3047
-102.17221	9.34036	525.49347	2.041831	0.12788977	1.8078986	-3481.8132
-102.16343	9.340963	526.4595	2.1133807	-2.3590972	1.4415628	-3428.0557
-102.15465	9.341566	527.4255	2.2125015	-5.339288	1.1159338	-3473.3462
-102.14587	9.34217	528.3915	2.3594716	-8.743097	0.8372588	-3444.1743
-102.137085	9.3427725	529.3575	2.5833323	-11.764225	0.67088544	-3485.0022
-102.128296	9.343374	530.3235	2.833694	-13.606302	0.6203626	-3527.995
-102.119514	9.343977	531.2895	3.1009939	-14.09125	0.7871815	-3506.7322
-102.11073	9.344579	532.2555	3.3204885	-13.66244	1.1389722	-3482.4902
-102.10195	9.3451805	533.2215	3.4225028	-12.608135	1.5447285	-3455.227
-102.09317	9.345782	534.1875	3.4134912	-11.217243	2.008529	-3450.1287
-102.08438	9.346384	535.1535	3.2428458	-9.158261	2.500195	-3439.4502
-102.0756	9.346985	536.1195	3.0789447	-6.502541	2.9719117	-3429.294
-102.06682	9.347587	537.0855	3.0367992	-3.9100242	3.3384693	-3419.8552
-102.05804	9.348187	538.0515	3.1508152	-2.0337665	3.5906763	-3422.9695
-102.04925	9.348787	539.0175	3.5671356	-0.87591845	3.6582463	-3445.7266
-102.04047	9.349388	539.9835	4.004106	-0.17665724	3.6007154	-3479.49
-102.031685	9.349988	540.9495	4.2966237	-0.0037889865	3.4475486	-3451.4072
-102.0229	9.350588	541.9155	4.3783135	-0.40811363	3.1808326	-3499.5056
-102.014114	9.351188	542.88153	4.0686884	-1.6762439	2.7734184	-3487.7756
-102.00533	9.351788	543.84753	3.6122262	-3.6178603	2.3464136	-3465.5447
-101.99655	9.352386	544.81354	3.145691	-5.669191	1.9230261	-3494.062
-101.98777	9.352985	545.77954	2.7093225	-7.271386	1.5460984	-3492.522
-101.97898	9.353584	546.74554	2.3831372	-8.406954	1.2171108	-3493.7803
-101.9702	9.354183	547.71155	2.1339424	-9.2999325	0.9709832	-3497.0457
-101.96142	9.354781	548.67755	1.9443127	-9.902165	0.8196102	-3496.4343
-101.95264	9.35538	549.64355	1.8592623	-10.179755	0.84835714	-3491.549
-101.94385	9.355978	550.60956	1.8761272	-10.038318	1.0594358	-3487.4907
-101.93507	9.356575	551.57556	2.0813317	-9.551234	1.4709148	-3482.6736
-101.926285	9.357173	552.54156	2.591002	-8.915826	2.0649924	-3474.5437
-101.9175	9.35777	553.50757	3.2426603	-8.330321	2.8002129	-3463.0247
-101.908714	9.358368	554.4736	3.9912422	-7.844781	3.639085	-3448.2456
-101.89993	9.358964	555.4396	4.6238904	-7.370572	4.511632	-3440.3909
-101.89115	9.359561	556.4056	4.9394236	-6.8597865	5.3043184	-3435.8923
-101.88236	9.360158	557.3716	5.083274	-6.251863	5.8989377	-3433.6956
-101.87358	9.360754	558.3376	5.0629354	-5.4214377	6.2660255	-3432.5618
-101.8648	9.36135	559.3036	5.021697	-4.440415	6.370926	-3432.0237
-101.85601	9.361946	560.2696	5.13445	-3.5161767	6.1772623	-3431.56
-101.84723	9.362541	561.2356	5.2491326	-2.8664224	5.6381574	-3429.216
-101.83845	9.363136	562.2016	5.3048167	-2.3084161	4.905907	-3429.4666
-101.82966	9.363732	563.1676	5.229822	-1.849375	4.008263	-3429.4949
-101.82088	9.3643265	564.1336	4.9131994	-1.8859937	3.0851395	-3429.303
-101.812096	9.364922	565.0996	4.4811397	-2.8123484	2.1499135	-3427.4968
-101.80331	9.365516	566.0656	3.951576	-4.7744684	1.4455714	-3425.4949
-101.794525	9.366111	567.0316	3.4524088	-7.549497	0.97746253	-3421.4834
-101.78574	9.366705	567.9976	3.146657	-10.930808	0.8518793	-3415.3257
-101.776955	9.367298	568.9636	2.8785586	-14.698705	1.0127616	-3411.4937
-101.76817	9.367892	569.9296	2.5796943	-19.17949	1.3023123	-3417.738
-101.75939	9.368485	570.8956	2.2320526	-24.295403	1.6835606	-3423.233
-101.7506	9.369079	571.86163	1.7665286	-29.362833	2.019532	-3432.397
-101.74182	9.369672	572.82764	1.324497	-33.703606	2.318182	-3449.087
-101.73304	9.370265	573.79364	0.9688078	-37.36729	2.5284107	-3464.07
-101.72425	9.370857	574.75964	0.79488176	-40.606373	2.6697953	-3478.7764
-101.71547	9.371449	575.72565	0.93953395	-43.20167	2.7186708	-3494.153
-101.70668	9.372042	576.69165	1.2381256	-44.943066	2.8140023	-3495.7358
-101.6979	9.372634	577.65765	1.600328	-45.665165	3.0197468	-3494.9668
-101.68912	9.373225	578.62366	2.0097666	-45.539314	3.3142424	-3504.9695
-101.68033	9.3738165	579.58966	2.4096556	-44.85272	3.6988156	-3469.5232
-101.67155	9.374408	580.55566	2.8174884	-43.888103	4.137336	-3433.5947
-101.66276	9.374999	581.52167	3.2716231	-42.601368	4.635722	-3407.2202
-101.65398	9.37559	582.4877	3.6886785	-40.88757	4.976169	-3387.0269
-101.645195	9.376181	583.4537	4.0636706	-38.879772	5.141282	-3374.7952
-101.636406	9.376771	584.4197	4.263077	-36.7159	5.0550556	-3371.7654
-101.627625	9.377361	585.3857	4.1453953	-34.196064	4.7106695	-3372.621
-101.618835	9.377952	586.3517	3.7648897	-31.356777	4.056747	-3381.8416
-101.610054	9.378541	587.3177	3.0552144	-28.622038	3.155767	-3394.713
-101.60127	9.37913	588.2837	2.2304635	-26.419056	2.173252	-3410.6309
-101.59248	9.37972	589.2497	1.4693947	-24.728054	1.1221583	-3424.3118
-101.5837	9.380309	590.2157	0.7177612	-23.39092	0.03907556	-3435.736
-101.57491	9.3808975	591.1817	-0.05434682	-22.55438	-0.9479838	-3447.6792
-101.56613	9.381487	592.1477	-0.7394441	-22.362621	-1.6702157	-3449.6736
-101.55734	9.382075	593.1137	-1.2664574	-22.988344	-2.1261468	-3463.373
-101.54856	9.382664	594.0797	-1.5872538	-24.308899	-2.2532415	-3473.6826
-101.53977	9.383251	595.0457	-1.6431494	-26.032288	-2.1702888	-3429.6624
-101.53099	9.38384	596.0117	-1.3807428	-27.855387	-1.9066023	-3491.9373
-101.5222	9.384427	596.9777	-0.6650504	-29.926174	-1.5601857	-3511.9053
-101.51342	9.385015	597.9437	0.27978608	-32.299152	-1.1488271	-3533.7341
-101.50464	9.385601	598.9097	1.3448333	-34.601776	-0.78358835	-3520.183
-101.49585	9.3861885	599.87573	2.3381865	-36.4642	-0.47862768	-3500.409
-101.48707	9.386775	600.84174	3.0743382	-37.928654	-0.29266426	-3503.1409
-101.47828	9.387362	601.80774	3.5091426	-39.12743	-0.22872685	-3527.4248
-101.4695	9.387948	602.77374	3.5337543	-39.890095	-0.2863175	-3580.4324
-101.46071	9.388534	603.73975	3.1806893	-40.052406	-0.4758999	-3644.712
-101.45193	9.38912	604.70575	2.3720953	-39.45647	-0.7979168	-3604.7268
-101.44314	9.389706	605.67175	1.3912345	-38.24163	-1.2231477	-3596.4841
-101.43436	9.390291	606.63776	0.39837328	-36.6836	-1.6848574	-3694.5369
-101.42557	9.390876	607.60376	-0.50419444	-35.05837	-2.1411006	-3691.7183
-101.41679	9.391461	608.56976	-1.179417	-33.366985	-2.4656696	-3699.2324
-101.408	9.392046	609.53577	-1.5711898	-31.50088	-2.6278617	-3660.9167
-101.399216	9.392631	610.5018	-1.4956096	-29.52603	-2.5306005	-3626.225
-101.39043	9.393215	611.4678	-1.1648645	-27.490826	-2.2733462	-3608.2527
-101.381645	9.393799	612.4338	-0.6397252	-25.326372	-1.8797518	-3582.725
-101.372856	9.394382	613.3998	-0.15585922	-23.007803	-1.4758095	-3578.4133
-101.36407	9.394966	614.3658	-8.139397E-4	-20.630663	-1.0893168	-3599.7551
-101.355286	9.39555	615.3318	-0.026354574	-18.301636	-0.85692894	-3596.643
-101.3465	9.396133	616.2978	-0.29744995	-15.975245	-0.82830226	-3582.5808
-101.337715	9.396716	617.2638	-0.49221888	-13.616233	-0.93542385	-3599.56
-101.328926	9.397299	618.2298	-0.30125502	-11.337818	-1.1821605	-3596.583
-101.320145	9.3978815	619.1958	0.18555829	-9.255606	-1.3923249	-3619.1882
-101.311356	9.398464	620.1618	1.1176313	-7.3455772	-1.5608176	-3611.537
-101.302574	9.399046	621.1278	2.0773664	-5.5589485	-1.6505828	-3565.321
-101.293785	9.399629	622.0938	2.7309237	-3.975905	-1.6363387	-3502.191
-101.284996	9.40021	623.0598	3.0746076	-2.6955981	-1.384876	-3479.5024
-101.276215	9.400791	624.0258	2.9279184	-1.6033614	-0.9369135	-3503.873
-101.267426	9.401373	624.9918	2.5146656	-0.73753726	-0.33410612	-3516.8342
-101.258644	9.401954	625.9578	1.9484494	-0.40690166	0.39978018	-3611.052
-101.249855	9.4025345	626.9238	1.3113645	-0.91037196	1.2261957	-3674.914
-101.24107	9.403115	627.88983	0.6989288	-2.3684971	2.0611448	-3650.3818
-101.232285	9.403696	628.85583	0.121744834	-4.622592	2.8481274	-3663.592
-101.223495	9.404276	629.82184	-0.3994135	-7.5294867	3.5010848	-3685.1838
-101.214714	9.404856	630.78784	-0.69417596	-10.937556	3.942784	-3694.6375
-101.205925	9.405436	631.75385	-0.6095807	-15.127033	4.237409	-3687.2632
-101.19714	9.406015	632.71985	-0.21838783	-20.060434	4.39674	-3678.1987
-101.188354	9.406595	633.68585	0.5264212	-25.135641	4.432379	-3673.0522
-101.179565	9.407174	634.65186	1.4657073	-29.735235	4.338308	-3661.3457
-101.170784	9.407753	635.61786	2.5293581	-34.051502	4.2613254	-3642.9636
-101.161995	9.408332	636.58386	3.506865	-38.247875	4.205937	-3628.577
-101.153206	9.40891	637.54987	4.175178	-41.719513	4.185116	-3618.1677
-101.144424	9.409489	638.51587	4.5376997	-43.867115	4.1894035	-3607.128
-101.135635	9.410067	639.4819	4.5010333	-44.48942	4.1646705	-3595.8806
-101.126854	9.410645	640.4479	4.224046	-43.897255	4.0957556	-3588.0579
-101.118065	9.4112215	641.4139	3.7963643	-42.29619	3.9028063	-3582.003
-101.109276	9.411799	642.3799	3.24101	-39.907425	3.5826268	-3582.1414
-101.100494	9.412376	643.3459	2.610087	-36.58444	3.0729535	-3586.254
-101.091705	9.412953	644.3119	1.9596367	-32.295036	2.4214835	-3591.6123
-101.08292	9.41353	645.2779	1.3666903	-27.417795	1.6652056	-3601.8647
-101.074135	9.414106	646.2439	0.77950084	-22.33354	0.883123	-3617.4795
-101.065346	9.414683	647.2099	0.12767853	-16.868956	0.11065055	-3636.6099
-101.05656	9.415259	648.1759	-0.47305498	-10.936345	-0.5127986	-3625.708
-101.047775	9.415835	649.1419	-0.98097044	-5.012274	-0.9181823	-3610.6125
-101.03899	9.41641	650.1079	-1.2912139	0.4296446	-1.0441349	-3664.2866
-101.0302	9.416986	651.0739	-1.2486384	5.4641347	-0.8719883	-3637.536
-101.021416	9.417562	652.0399	-0.9351535	10.268011	-0.35524228	-3481.178
-101.01263	9.418137	653.0059	-0.3473652	14.5407505	0.5101423	-3551.4644
-101.00384	9.418711	653.9719	0.4393437	17.967876	1.6566408	-3626.2134
-100.99505	9.419286	654.9379	1.3653786	20.583399	3.070267	-3652.5352
-100.98627	9.41986	655.90393	2.3700037	22.474712	4.6377945	-3577.2808
-100.97748	9.420434	656.86993	3.352596	23.423481	6.330837	-3554.111
-100.96869	9.421008	657.83594	4.36795	23.228199	8.010235	-3530.7585
-100.95991	9.421582	658.80194	5.4903097	21.664103	9.612367	-3509.286
-100.95112	9.422155	659.76794	6.5645056	18.888388	10.891045	-3491.22
-100.94233	9.422729	660.73395	7.48084	15.296008	11.840898	-3469.6797
-100.93354	9.423302	661.69995	8.186324	11.302476	12.372446	-3450.373
-100.92476	9.423875	662.66595	8.581981	6.6935	12.496483	-3440.619
-100.91597	9.424447	663.63196	8.6919	1.3959178	12.154228	-3434.2102
-100.90718	9.425019	664.59796	8.461999	-3.9723892	11.498024	-3426.169
-100.8984	9.425591	665.56396	8.06858	-8.796431	10.557328	-3427.319
-100.88961	9.426164	666.52997	7.677793	-12.9762945	9.606222	-3446.9548
-100.88082	9.426735	667.496	7.2730684	-16.783817	8.745772	-3466.9783
-100.87203	9.427307	668.462	6.8269815	-20.187609	8.096945	-3483.845
-100.86325	9.427878	669.428	6.4815054	-23.172476	7.7020855	-3490.428
-100.85446	9.42845	670.394	6.4392695	-25.615284	7.604069	-3502.878
-100.84567	9.42902	671.36	6.521518	-27.565767	7.813967	-3505.4004
-100.83688	9.429591	672.326	6.628923	-29.276812	8.105589	-3498.9722
-100.8281	9.430161	673.292	6.7379417	-31.001272	8.473134	-3404.9915
-100.81931	9.430732	674.258	6.7549863	-32.84687	8.829121	-3343.9788
-100.810524	9.431301	675.224	6.7444744	-34.666653	9.147362	-3411.1443
-100.801735	9.431871	676.19	6.7651467	-36.326466	9.24672	-3544.3987
-100.792946	9.432441	677.156	6.751564	-37.688126	9.156425	-3524.0793
-100.784164	9.43301	678.122	6.6502566	-38.73623	8.863821	-3511.2092
-100.775375	9.433579	679.088	6.500241	-39.526672	8.394616	-3479.516
-100.76659	9.434148	680.054	6.323497	-40.034595	7.779949	-3466.2864
-100.7578	9.434717	681.02	6.1013455	-40.24545	7.0625143	-3493.8232
-100.74901	9.435286	681.986	5.848915	-40.07007	6.2552295	-3503.6462
-100.74023	9.435854	682.952	5.500947	-39.556877	5.4848824	-3493.026
-100.73144	9.436421	683.918	4.968175	-38.905186	4.8284044	-3489.2341
-100.72265	9.43699	684.88403	4.314511	-38.315224	4.25105	-3501.4329
-100.71386	9.437557	685.85004	3.5267804	-37.7151	3.7408006	-3519.9956
-100.70507	9.438125	686.81604	2.7792182	-37.05991	3.3766134	-3477.8457
-100.69629	9.438692	687.78204	2.2547417	-36.577076	3.1795492	-3524.877
-100.6875	9.439259	688.74805	1.9197425	-36.477448	3.0229845	-3645.9065
-100.67871	9.439825	689.71405	1.8154508	-36.839817	2.9105344	-3684.5437
-100.66992	9.440392	690.68005	1.8772583	-37.526855	2.8680756	-3496.8992
