			GMRT Grid Version 3.9
Longitude	Latitude	Distance (km)	Elevation (m)
-101.55762	10.07271	0.0	-3491.9236
-101.566345	10.071602	0.96359205	-3595.3108
-101.57507	10.070493	1.9271841	-3596.8245
-101.5838	10.069384	2.8907762	-3551.4292
-101.59254	10.0682745	3.8543682	-3526.704
-101.601265	10.067164	4.8179603	-3511.7488
-101.60999	10.066054	5.7815523	-3505.3801
-101.61872	10.064944	6.7451444	-3502.6292
-101.62745	10.063834	7.7087364	-3509.6155
-101.63618	10.062724	8.672329	-3504.9001
-101.644905	10.061613	9.6359215	-3498.9788
-101.65363	10.060502	10.599514	-3477.506
-101.66236	10.059391	11.563107	-3484.8118
-101.67109	10.058279	12.526699	-3481.26
-101.67982	10.057168	13.490292	-3591.2278
-101.688545	10.056056	14.453884	-3660.4375
-101.69727	10.054944	15.417477	-3562.4363
-101.706	10.053831	16.38107	-3536.2258
-101.71473	10.052719	17.344662	-3455.7424
-101.72346	10.051606	18.308254	-3464.8167
-101.732185	10.050493	19.271847	-3509.4204
-101.74091	10.049379	20.23544	-3603.4824
-101.74964	10.048266	21.199032	-3525.4297
-101.75837	10.0471525	22.162624	-3536.7256
-101.7671	10.046039	23.126217	-3562.4443
-101.775826	10.044924	24.08981	-3475.3005
-101.78455	10.04381	25.053402	-3443.7761
-101.79328	10.042695	26.016994	-3473.2378
-101.80201	10.04158	26.980587	-3449.4417
-101.81074	10.040465	27.94418	-3449.928
-101.819466	10.03935	28.907772	-3534.8486
-101.82819	10.038234	29.871365	-3553.2224
-101.83692	10.037119	30.834957	-3599.487
-101.84565	10.036002	31.79855	-3596.0713
-101.85437	10.034886	32.762142	-3570.552
-101.8631	10.03377	33.725735	-3535.33
-101.871826	10.032653	34.689327	-3505.2563
-101.880554	10.031536	35.65292	-3467.9922
-101.88928	10.030419	36.616512	-3433.3096
-101.89801	10.029302	37.580105	-3476.6716
-101.90674	10.028184	38.543697	-3550.0515
-101.91546	10.027066	39.50729	-3544.915
-101.92419	10.025948	40.470882	-3514.5593
-101.932915	10.02483	41.434475	-3460.9272
-101.94164	10.023711	42.398067	-3433.0261
-101.95037	10.022593	43.36166	-3449.936
-101.95909	10.021474	44.325253	-3453.8745
-101.96782	10.020354	45.288845	-3442.2231
-101.97655	10.019235	46.252438	-3438.7078
-101.985275	10.018115	47.21603	-3438.3489
-101.993996	10.016995	48.179623	-3435.0386
-102.00272	10.015875	49.143215	-3427.6426
-102.01145	10.014755	50.106808	-3417.472
-102.02018	10.013634	51.0704	-3404.8
-102.0289	10.012513	52.033993	-3389.4995
-102.03763	10.011393	52.997585	-3378.3054
-102.04636	10.010271	53.961178	-3383.7754
-102.055084	10.00915	54.92477	-3402.2966
-102.063805	10.008028	55.888363	-3427.3596
-102.07253	10.006906	56.851955	-3458.584
-102.08126	10.005784	57.815548	-3454.0557
-102.08998	10.004662	58.77914	-3398.2378
-102.09871	10.003539	59.742733	-3375.745
-102.10744	10.002416	60.706326	-3377.1306
-102.11616	10.001293	61.669918	-3386.6836
-102.124886	10.00017	62.63351	-3328.6545
-102.133606	9.999046	63.597103	-3255.8623
-102.142334	9.997922	64.56069	-3234.4094
-102.15106	9.9967985	65.524284	-3239.1665
-102.15978	9.995674	66.48788	-3263.5415
-102.16851	9.99455	67.45147	-3286.767
-102.17723	9.993425	68.41506	-3310.1377
-102.18596	9.9923	69.378654	-3331.414
-102.19469	9.991175	70.34225	-3348.65
-102.20341	9.990049	71.30584	-3362.5676
-102.212135	9.988924	72.26943	-3369.7883
-102.220856	9.987799	73.233025	-3363.8743
-102.22958	9.986672	74.19662	-3350.8782
-102.238304	9.985546	75.16021	-3338.4065
-102.24703	9.98442	76.1238	-3326.8267
-102.25575	9.983293	77.087395	-3319.129
-102.26448	9.982166	78.05099	-3314.8018
-102.2732	9.981039	79.01458	-3311.2612
-102.28193	9.979911	79.97817	-3310.867
-102.29065	9.978784	80.941765	-3316.638
-102.29938	9.977655	81.90536	-3325.7112
-102.3081	9.976528	82.86895	-3337.3503
-102.316826	9.975399	83.83254	-3354.4204
-102.32555	9.974271	84.796135	-3373.9226
-102.334274	9.973143	85.75973	-3392.3667
-102.342995	9.972013	86.72332	-3411.0725
-102.35172	9.970884	87.68691	-3426.217
-102.36044	9.969754	88.650505	-3432.5356
-102.36916	9.968625	89.6141	-3434.5466
-102.37789	9.967495	90.57769	-3436.6714
-102.38661	9.966365	91.54128	-3435.5225
-102.39534	9.965235	92.504875	-3432.256
-102.40406	9.964104	93.46847	-3422.4912
-102.41278	9.962974	94.43206	-3405.4102
-102.42151	9.961843	95.39565	-3388.2239
-102.43023	9.960711	96.359245	-3370.6572
-102.43895	9.959579	97.32284	-3354.6848
-102.44768	9.958447	98.28643	-3345.2922
-102.4564	9.957316	99.25002	-3336.114
-102.465126	9.956183	100.213615	-3329.6516
-102.47385	9.955051	101.17721	-3334.1348
-102.48257	9.953918	102.1408	-3357.6033
-102.49129	9.952786	103.10439	-3397.4531
-102.500015	9.951653	104.067986	-3394.946
-102.508736	9.95052	105.03158	-3349.1997
-102.517456	9.949387	105.99517	-3344.3528
-102.526184	9.948253	106.95876	-3380.4775
-102.534904	9.947119	107.922356	-3420.041
-102.543625	9.945984	108.88595	-3374.6191
-102.552345	9.94485	109.84954	-3358.216
-102.56107	9.943715	110.81313	-3374.7827
-102.56979	9.94258	111.776726	-3386.5996
-102.578514	9.941445	112.74032	-3396.446
-102.587234	9.9403105	113.70391	-3408.0986
-102.595955	9.939175	114.6675	-3419.8774
-102.60468	9.938039	115.631096	-3429.1877
-102.6134	9.936903	116.59469	-3427.2297
-102.62212	9.935766	117.55828	-3393.0
-102.630844	9.93463	118.52187	-3381.8042
-102.639565	9.933494	119.485466	-3403.3423
-102.64829	9.932357	120.44906	-3341.9297
-102.65701	9.931219	121.41265	-3412.4065
-102.66573	9.930082	122.37624	-3411.2915
-102.67445	9.928945	123.339836	-3408.8618
-102.683174	9.927807	124.30343	-3382.5002
-102.691895	9.926669	125.26702	-3420.9956
-102.700615	9.92553	126.23061	-3471.2356
-102.709335	9.924392	127.19421	-3346.0168
-102.71806	9.923253	128.15779	-3343.436
-102.72678	9.922114	129.12138	-3342.7092
-102.735504	9.920976	130.08498	-3279.827
-102.744225	9.919836	131.04857	-3261.4824
-102.752945	9.918696	132.01216	-3314.3064
-102.761665	9.917557	132.97575	-3242.215
-102.770386	9.916416	133.93935	-3217.5293
-102.779106	9.915277	134.90294	-3282.5059
-102.78783	9.914136	135.86653	-3250.752
-102.79655	9.912995	136.83012	-3362.9004
-102.80527	9.911854	137.79372	-3277.9575
-102.81399	9.910713	138.75731	-3322.2915
-102.82271	9.909572	139.7209	-3358.1494
-102.83143	9.90843	140.6845	-3302.931
-102.84015	9.907288	141.64809	-3370.6123
-102.84887	9.906146	142.61168	-3378.8794
-102.85759	9.905004	143.57527	-3295.821
-102.86631	9.903861	144.53886	-3302.2727
-102.87503	9.902719	145.50246	-3337.0083
-102.88375	9.901575	146.46605	-3321.5935
-102.89247	9.900433	147.42964	-3365.671
-102.90119	9.899289	148.39323	-3392.943
-102.90991	9.898145	149.35683	-3352.0962
-102.91863	9.897001	150.32042	-3327.3684
-102.92735	9.895857	151.28401	-3309.4148
-102.936066	9.894712	152.2476	-3256.0508
-102.944786	9.893568	153.2112	-3225.6846
-102.95351	9.892424	154.17479	-3222.9988
-102.96223	9.891278	155.13838	-3229.8108
-102.97095	9.890133	156.10197	-3173.798
-102.97967	9.888988	157.06557	-3153.1672
-102.98839	9.887842	158.02916	-3230.611
-102.99711	9.886697	158.99275	-3247.452
-103.00582	9.8855505	159.95634	-3246.2046
-103.01454	9.884404	160.91994	-3154.9795
-103.02326	9.883257	161.88353	-3262.9612
-103.03198	9.882111	162.84712	-3313.078
-103.0407	9.880963	163.81071	-3302.4956
-103.049416	9.879816	164.7743	-3235.6724
-103.058136	9.878669	165.7379	-3177.6553
-103.06686	9.8775215	166.70149	-3133.9863
-103.07558	9.876373	167.66508	-3187.0076
-103.0843	9.875225	168.62868	-3182.0083
-103.09301	9.874077	169.59227	-3183.5295
-103.10173	9.872929	170.55586	-3308.3
-103.11045	9.871779	171.51945	-3240.7148
-103.11916	9.87063	172.48305	-3192.047
-103.127884	9.869481	173.44664	-3183.668
-103.136604	9.868332	174.41023	-3179.747
-103.145325	9.867182	175.37383	-3160.1506
-103.15404	9.866032	176.33742	-3165.1768
-103.16276	9.8648815	177.30101	-3226.8286
-103.17148	9.863731	178.2646	-3226.561
-103.18019	9.862581	179.2282	-3237.876
-103.18891	9.86143	180.19179	-3239.0244
-103.19763	9.860279	181.15538	-3222.3708
-103.206345	9.859128	182.11897	-3292.6902
-103.215065	9.857976	183.08257	-3284.6604
-103.223785	9.856825	184.04616	-3264.9446
-103.2325	9.855673	185.00975	-3261.1646
-103.24122	9.854521	185.97334	-3287.4998
-103.24993	9.853368	186.93694	-3333.4304
-103.25865	9.852216	187.90053	-3318.7036
-103.26737	9.851063	188.86412	-3273.0205
-103.276085	9.84991	189.82771	-3349.1416
-103.284805	9.848757	190.7913	-3421.919
-103.29352	9.847603	191.7549	-3369.6658
-103.30224	9.846449	192.71849	-3332.1658
-103.31096	9.845295	193.68208	-3326.1902
-103.31967	9.844141	194.64568	-3341.9336
-103.32839	9.842986	195.60927	-3336.392
-103.337105	9.841832	196.57286	-3354.866
-103.345825	9.840677	197.53645	-3367.758
-103.35454	9.839522	198.50005	-3323.8738
-103.36326	9.8383665	199.46364	-3281.6394
-103.37197	9.837212	200.42723	-3238.9875
-103.38069	9.836056	201.39082	-3230.0334
-103.389404	9.8349	202.35442	-3266.157
-103.398125	9.833743	203.31801	-3283.0461
-103.40684	9.832587	204.2816	-3227.3188
-103.41556	9.83143	205.2452	-3262.9707
-103.42427	9.830274	206.20879	-3300.6926
-103.43299	9.829117	207.17238	-3295.3984
-103.4417	9.827959	208.13597	-3250.4045
-103.45042	9.826801	209.09956	-3212.9133
-103.45914	9.825644	210.06316	-3231.052
-103.46785	9.824486	211.02675	-3251.802
-103.47657	9.823328	211.99034	-3230.581
-103.48528	9.822169	212.95393	-3194.4424
-103.493996	9.821011	213.91753	-3217.3157
-103.502716	9.819852	214.88112	-3227.546
-103.51143	9.818692	215.84471	-3125.9695
-103.52015	9.8175335	216.8083	-3107.6562
-103.52886	9.816374	217.7719	-3174.7805
-103.537575	9.815214	218.73549	-3149.6895
-103.546295	9.8140545	219.69908	-3220.7896
-103.55501	9.812894	220.66267	-3129.7336
-103.56372	9.811733	221.62627	-3157.7852
-103.57244	9.810573	222.58986	-3203.6672
-103.581154	9.809412	223.55345	-3122.2258
-103.58987	9.808251	224.51704	-3119.565
-103.59858	9.80709	225.48064	-3194.032
-103.6073	9.805928	226.44423	-3238.2463
-103.61601	9.804767	227.40782	-3284.7922
-103.624725	9.803604	228.37141	-3240.2046
-103.633446	9.802443	229.335	-3254.5784
-103.64216	9.80128	230.2986	-3239.9976
-103.65087	9.8001175	231.26219	-3191.9111
-103.659584	9.798954	232.22578	-3176.4934
-103.6683	9.7977915	233.18938	-3175.44
-103.67702	9.796628	234.15297	-3223.3198
-103.68573	9.7954645	235.11656	-3254.5188
-103.69444	9.7943	236.08015	-3242.079
-103.703156	9.793137	237.04375	-3220.7026
-103.71187	9.791972	238.00734	-3128.795
-103.72059	9.790808	238.97093	-3058.3164
-103.7293	9.789643	239.93452	-3042.2263
-103.738014	9.788479	240.89812	-3020.9404
-103.74673	9.787313	241.86171	-3023.1733
-103.75544	9.786148	242.8253	-2963.8508
-103.76415	9.784983	243.7889	-2894.9478
-103.77287	9.783816	244.75249	-2949.2593
-103.781586	9.782651	245.71608	-2999.2656
-103.7903	9.781485	246.67967	-3033.8433
-103.79901	9.780318	247.64326	-3049.6677
-103.807724	9.779152	248.60686	-3050.8308
-103.81644	9.777985	249.57045	-3035.3774
-103.82515	9.776817	250.53404	-3035.6597
-103.83386	9.77565	251.49763	-3016.237
-103.842575	9.774483	252.46123	-2984.111
-103.85129	9.773315	253.42482	-2939.038
-103.86	9.772147	254.38841	-2845.2766
-103.86872	9.770979	255.352	-2744.4265
-103.87743	9.769811	256.31558	-2662.6697
-103.88615	9.768641	257.27917	-2595.9385
-103.89486	9.767473	258.24277	-2578.824
-103.90357	9.766304	259.20636	-2566.2573
-103.912285	9.765135	260.16995	-2583.448
-103.921	9.763965	261.13354	-2645.558
-103.92971	9.762795	262.09714	-2822.2683
-103.93842	9.761625	263.06073	-2940.098
-103.947136	9.760455	264.02432	-3016.7126
-103.95585	9.759285	264.9879	-3012.5083
-103.964554	9.758114	265.9515	-2992.5566
-103.97327	9.756944	266.9151	-2967.028
-103.98198	9.755773	267.8787	-2999.884
-103.99069	9.754601	268.8423	-3011.7283
-103.999405	9.753429	269.80588	-3005.2102
-104.00812	9.752257	270.76947	-3029.962
-104.01683	9.751085	271.73306	-2998.7024
-104.02554	9.749913	272.69666	-2992.1086
-104.034256	9.748741	273.66025	-2960.187
-104.04297	9.747568	274.62384	-2938.8232
-104.05168	9.746396	275.58743	-2947.458
-104.06039	9.745222	276.55103	-2985.549
-104.0691	9.744049	277.51462	-3008.7158
-104.07781	9.742876	278.4782	-2983.0852
-104.086525	9.741702	279.4418	-2894.2107
-104.09524	9.740528	280.4054	-2873.742
-104.10395	9.739354	281.369	-2875.671
-104.112656	9.738179	282.33258	-2922.1272
-104.12137	9.737005	283.29617	-2942.1338
-104.13008	9.73583	284.25977	-2970.5764
-104.138794	9.734655	285.22336	-2976.5
-104.14751	9.7334795	286.18695	-2953.9062
-104.15621	9.732305	287.15054	-2898.687
-104.164925	9.731129	288.11414	-2864.1638
-104.17364	9.729953	289.07773	-2852.2732
-104.18235	9.728777	290.04132	-2847.0513
-104.191055	9.7276	291.0049	-2845.4233
-104.19977	9.726423	291.9685	-2837.024
-104.20848	9.725246	292.9321	-2802.7305
-104.21719	9.72407	293.8957	-2734.015
-104.2259	9.722893	294.85928	-2732.7854
-104.23461	9.721715	295.82288	-2715.3894
-104.243324	9.720537	296.78647	-2640.2244
-104.25203	9.719359	297.75006	-2583.0054
-104.26074	9.718182	298.71365	-2556.6357
-104.269455	9.717003	299.67725	-2545.9297
-104.27817	9.715824	300.64084	-2553.2593
-104.28687	9.714645	301.60443	-2593.2131
-104.295586	9.713467	302.56802	-2651.2678
-104.30429	9.712287	303.53162	-2706.3923
-104.313	9.711108	304.4952	-2772.8718
-104.32172	9.7099285	305.4588	-2822.1765
-104.33042	9.708748	306.4224	-2842.782
-104.339134	9.707568	307.386	-2866.341
-104.34785	9.7063875	308.34958	-2888.8855
-104.35655	9.705207	309.31317	-2899.9912
-104.365265	9.704026	310.27676	-2899.9966
-104.37397	9.702846	311.24036	-2889.9958
-104.38268	9.701664	312.20395	-2868.7126
-104.39139	9.700482	313.16754	-2890.1885
-104.4001	9.699301	314.13113	-2909.8044
-104.40881	9.698119	315.09473	-2916.0537
-104.41752	9.696938	316.05832	-2895.1567
-104.42623	9.695755	317.0219	-2854.5212
-104.43494	9.694572	317.9855	-2858.3267
-104.44365	9.69339	318.9491	-2877.515
-104.452354	9.692206	319.9127	-2877.4792
-104.46107	9.691023	320.87628	-2863.2144
-104.46977	9.68984	321.83987	-2887.08
-104.478485	9.688656	322.80347	-2923.826
-104.48719	9.687472	323.76706	-2964.733
-104.4959	9.686288	324.73065	-2987.1487
-104.50461	9.685104	325.69424	-2986.5757
-104.51331	9.68392	326.65784	-2990.2395
-104.522026	9.6827345	327.62143	-2996.8677
-104.53073	9.68155	328.58502	-3011.3933
-104.539444	9.680365	329.5486	-3018.5476
-104.54815	9.679179	330.5122	-3016.3684
-104.55686	9.677994	331.4758	-3006.693
-104.56557	9.676807	332.4394	-3051.6953
-104.57427	9.675622	333.40298	-3080.5796
-104.582985	9.674436	334.36658	-3067.276
-104.59169	9.673249	335.33017	-3057.127
-104.6004	9.672062	336.29376	-3015.045
-104.60911	9.670876	337.25735	-3003.499
-104.61781	9.669688	338.22095	-3015.6477
-104.626526	9.668501	339.18454	-2984.5413
-104.63523	9.667314	340.14813	-2894.1316
-104.643936	9.666125	341.11172	-2798.7073
-104.65265	9.664937	342.07532	-2811.6377
-104.661354	9.66375	343.0389	-2819.033
-104.67006	9.66256	344.0025	-2858.6208
-104.678764	9.661372	344.9661	-2930.4634
-104.68748	9.660183	345.9297	-2965.2927
-104.69618	9.658994	346.89328	-2958.748
-104.70489	9.6578045	347.85687	-2970.219
-104.7136	9.656615	348.82047	-2966.1423
-104.722305	9.655425	349.78406	-2968.3428
-104.73101	9.654236	350.74765	-2985.3481
-104.739716	9.653046	351.71124	-2980.4692
-104.74843	9.6518545	352.67484	-2962.3145
-104.75713	9.650664	353.63843	-2961.8494
-104.76584	9.649473	354.60202	-3023.8054
-104.77454	9.648282	355.5656	-3009.2268
-104.78325	9.647091	356.5292	-3032.4043
-104.79196	9.6459	357.4928	-3007.636
-104.80067	9.644708	358.4564	-3011.4373
-104.80937	9.643516	359.41998	-3059.6287
-104.81808	9.6423235	360.38358	-3108.1067
-104.82678	9.641131	361.34717	-3081.8752
-104.83549	9.639938	362.31076	-3047.135
-104.8442	9.638745	363.27435	-3111.3325
-104.852905	9.637552	364.23795	-3115.6543
-104.86161	9.636359	365.20154	-3145.303
-104.870316	9.635166	366.16513	-3157.8684
-104.87902	9.633972	367.12872	-3036.3372
-104.887726	9.632778	368.09232	-3025.0476
-104.89643	9.631584	369.0559	-2983.7664
-104.905136	9.63039	370.0195	-2992.418
-104.91384	9.629195	370.9831	-3022.3933
-104.92255	9.628	371.9467	-3005.5452
-104.93126	9.626805	372.91028	-2972.5378
-104.939964	9.62561	373.87387	-3134.08
-104.94867	9.624414	374.83746	-3162.9148
-104.957375	9.623219	375.80106	-3030.983
-104.96608	9.622023	376.76465	-3100.5256
-104.974785	9.620827	377.72824	-3113.3713
-104.98349	9.619631	378.69183	-3116.7678
-104.992195	9.618434	379.65543	-3158.4067
-105.0009	9.617237	380.61902	-3245.5178
-105.009605	9.61604	381.5826	-3145.179
-105.01831	9.614843	382.5462	-3084.5369
-105.027016	9.613646	383.5098	-3108.2583
-105.03572	9.612448	384.4734	-3120.195
-105.044426	9.61125	385.43698	-3072.332
-105.05313	9.610052	386.40057	-3037.8748
-105.06184	9.608854	387.36417	-3032.565
-105.07053	9.607656	388.32776	-3062.1501
-105.07924	9.606457	389.29135	-3152.709
-105.087944	9.605258	390.25494	-3205.2078
-105.09665	9.604058	391.21854	-3156.2864
-105.105354	9.6028595	392.18213	-3141.6006
-105.11406	9.60166	393.14572	-3156.026
-105.122765	9.60046	394.1093	-3179.1353
-105.13147	9.599259	395.0729	-3251.315
-105.140175	9.59806	396.0365	-3324.4685
-105.14887	9.596859	397.0001	-3262.7192
-105.15758	9.595658	397.96368	-3125.8835
-105.16628	9.594458	398.92728	-3082.4968
-105.17499	9.593256	399.89087	-3113.6619
-105.18369	9.592055	400.85446	-3155.081
-105.1924	9.590854	401.81805	-3185.1646
-105.201096	9.589652	402.78165	-3201.932
-105.2098	9.5884495	403.74524	-3210.5854
-105.218506	9.587248	404.70883	-3224.757
-105.22721	9.586045	405.67242	-3246.6226
-105.235916	9.584843	406.63602	-3260.1433
-105.24461	9.58364	407.5996	-3205.5967
-105.25332	9.582437	408.5632	-3185.8855
-105.262024	9.581233	409.5268	-3251.0493
-105.27073	9.5800295	410.4904	-3229.7478
-105.27943	9.578826	411.45398	-3194.7632
-105.28813	9.577622	412.41757	-3244.7278
-105.29684	9.576418	413.38116	-3288.65
-105.30554	9.575213	414.34476	-3321.755
-105.31424	9.574009	415.30835	-3301.7993
-105.322945	9.572804	416.27194	-3265.7456
-105.33165	9.571599	417.23553	-3197.4377
-105.34035	9.5703945	418.19913	-3164.731
-105.34905	9.569188	419.16272	-3221.897
-105.35776	9.567983	420.1263	-3311.7234
-105.366455	9.566777	421.0899	-3334.765
-105.37516	9.565571	422.0535	-3253.9558
-105.383865	9.564364	423.0171	-3231.6619
-105.39256	9.563158	423.98068	-3308.686
-105.40127	9.561952	424.94427	-3291.6023
-105.40997	9.560744	425.90787	-3244.8904
-105.41867	9.559537	426.87146	-3263.512
-105.427376	9.55833	427.83505	-3296.6619
-105.43607	9.557122	428.79865	-3324.5813
-105.44478	9.555914	429.76224	-3311.8103
-105.453476	9.554707	430.72583	-3347.9788
-105.46218	9.553498	431.68942	-3329.997
-105.47089	9.55229	432.653	-3299.4688
-105.47958	9.551081	433.6166	-3318.8616
-105.48829	9.549872	434.5802	-3326.5767
-105.49699	9.548663	435.5438	-3327.4934
-105.50569	9.547454	436.5074	-3251.6973
-105.51439	9.546244	437.47098	-3267.8376
-105.523094	9.545034	438.43457	-3323.3872
-105.53179	9.543824	439.39816	-3323.4407
-105.5405	9.542614	440.36176	-3252.2395
-105.549194	9.541404	441.32535	-3352.94
-105.5579	9.540193	442.28894	-3402.554
-105.5666	9.538982	443.25253	-3376.196
-105.5753	9.537771	444.21613	-3363.0005
-105.584	9.53656	445.17972	-3369.6768
-105.592705	9.535348	446.1433	-3313.1418
-105.6014	9.534137	447.1069	-3373.532
-105.6101	9.532925	448.0705	-3394.8503
-105.618805	9.531713	449.0341	-3319.138
-105.6275	9.530499	449.99768	-3278.6855
-105.63621	9.529287	450.96127	-3285.6973
-105.644905	9.528074	451.92487	-3361.8838
-105.65361	9.526861	452.88846	-3416.7898
-105.66231	9.525648	453.85205	-3390.6526
-105.671005	9.524435	454.81564	-3279.325
-105.67971	9.523221	455.77924	-3273.1746
-105.68841	9.522007	456.74283	-3262.3025
-105.697105	9.520793	457.70642	-3250.5105
-105.70581	9.519579	458.67	-3216.96
-105.71451	9.518364	459.6336	-3192.0923
-105.723206	9.51715	460.5972	-3243.28
-105.73191	9.515935	461.5608	-3235.7449
-105.74061	9.514719	462.52438	-3211.8906
-105.749306	9.513504	463.48798	-3170.639
-105.75801	9.512288	464.45157	-3212.9543
-105.76671	9.511073	465.41516	-3331.9148
-105.775406	9.509856	466.37875	-3312.8704
-105.7841	9.50864	467.34235	-3265.2922
-105.79281	9.507424	468.30594	-3148.8848
-105.801506	9.506207	469.26953	-3168.4683
-105.8102	9.504991	470.23312	-3209.292
-105.8189	9.503774	471.19672	-3257.5825
-105.82761	9.502556	472.1603	-3305.7012
-105.8363	9.501338	473.1239	-3327.4734
-105.845	9.50012	474.0875	-3323.169
-105.8537	9.498902	475.0511	-3320.2976
-105.8624	9.4976845	476.01468	-3330.6157
-105.8711	9.496466	476.97827	-3330.6707
-105.8798	9.495248	477.94186	-3283.4456
-105.8885	9.494029	478.90546	-3266.984
-105.897194	9.492809	479.86905	-3251.8884
-105.90589	9.4915905	480.83264	-3237.1096
-105.91459	9.490371	481.79623	-3220.0054
-105.923294	9.489151	482.75983	-3197.281
-105.93199	9.487931	483.72342	-3176.1343
-105.94069	9.4867115	484.687	-3177.6824
-105.94939	9.485491	485.6506	-3197.2156
-105.958084	9.48427	486.6142	-3224.5786
-105.96678	9.483049	487.5778	-3270.4333
-105.97548	9.481829	488.54138	-3304.5386
-105.98418	9.480607	489.50497	-3319.591
-105.992874	9.479386	490.46857	-3322.558
-106.00157	9.478165	491.43216	-3322.7903
-106.01028	9.476942	492.39575	-3327.435
-106.018974	9.47572	493.35934	-3336.677
-106.02767	9.474498	494.32294	-3346.925
-106.03637	9.473275	495.28653	-3353.3672
-106.04507	9.472053	496.25012	-3350.8154
-106.053764	9.47083	497.2137	-3344.3262
-106.06246	9.469607	498.1773	-3337.087
-106.07116	9.468384	499.1409	-3332.5635
-106.07986	9.46716	500.1045	-3337.8076
-106.088554	9.465937	501.06808	-3348.495
-106.09725	9.464712	502.03168	-3357.2473
-106.10595	9.463488	502.99527	-3360.6135
-106.11465	9.462264	503.95886	-3355.9683
-106.123344	9.461039	504.92245	-3366.2869
-106.132034	9.459814	505.88605	-3384.4443
-106.14073	9.45859	506.84964	-3380.9438
-106.14943	9.457364	507.81323	-3381.2046
-106.15813	9.456139	508.77682	-3389.4062
-106.166824	9.454913	509.74042	-3387.2717
-106.17552	9.453687	510.704	-3390.9744
-106.18422	9.45246	511.6676	-3386.8772
-106.19292	9.451235	512.63116	-3374.1982
-106.201614	9.450007	513.5947	-3362.2458
-106.21031	9.448781	514.5583	-3354.8606
-106.219	9.447555	515.52185	-3353.6865
-106.2277	9.446327	516.4854	-3356.207
-106.2364	9.4451	517.449	-3361.2227
-106.245094	9.4438715	518.41254	-3368.6472
-106.25379	9.442644	519.3761	-3377.3894
-106.26249	9.441416	520.33966	-3387.4158
-106.27118	9.440187	521.3032	-3400.161
-106.27988	9.438959	522.2668	-3414.7786
-106.288574	9.437731	523.23035	-3427.7324
-106.29727	9.4365015	524.1939	-3437.1353
-106.30597	9.435272	525.1575	-3446.6184
-106.31466	9.434043	526.12103	-3455.873
-106.32336	9.432814	527.0846	-3458.03
-106.332054	9.431584	528.04816	-3450.633
-106.34075	9.430354	529.0117	-3445.0273
-106.34944	9.429124	529.9753	-3436.3875
-106.35814	9.427894	530.93884	-3417.4907
-106.36684	9.426662	531.9024	-3395.4316
-106.375534	9.425432	532.86597	-3374.5173
-106.384224	9.424201	533.8295	-3353.3884
-106.39292	9.42297	534.7931	-3330.656
-106.40162	9.421739	535.75665	-3309.3884
-106.41031	9.4205065	536.7202	-3289.4307
-106.41901	9.419274	537.6838	-3259.8079
-106.427704	9.418043	538.64734	-3242.36
-106.43639	9.41681	539.6109	-3219.1504
-106.44509	9.415578	540.57446	-3194.822
-106.45379	9.414345	541.538	-3174.1472
-106.46248	9.413113	542.5016	-3128.9229
-106.471176	9.411879	543.46515	-3200.546
-106.47987	9.4106455	544.4287	-3209.295
-106.48856	9.409412	545.3923	-3282.0625
-106.49726	9.408178	546.35583	-3314.6206
-106.50595	9.406944	547.3194	-3333.8716
-106.51465	9.40571	548.28296	-3400.0862
