			EMAG2 (2-arc-minute resolution, 2013)	Gravity FAA (Sandwell et al, v24.1)	Gravity (Sandwell and Smith 97)	GMRT Grid Version 3.9
Longitude	Latitude	Distance (km)	Magnetic Anomaly (nT)	Free-Air Anomaly (mgal)	Gravity Anomaly (mgal)	Elevation (m)
-53.789062	29.504637	0.0	-22.41211	-22.939148	-22.19433	-5080.1333
-53.753998	29.49712	3.4949722	-4.868731	-22.89928	-23.494255	-5167.7847
-53.718937	29.489592	6.9899445	4.6877856	-22.426655	-23.230774	-5232.8813
-53.683884	29.482056	10.484917	12.78396	-20.999378	-21.53113	-5208.454
-53.648834	29.47451	13.979889	23.417215	-20.136726	-21.29562	-5164.279
-53.61379	29.466957	17.474861	35.838158	-20.089216	-22.240993	-5218.85
-53.57875	29.459393	20.969833	50.861084	-20.860458	-23.12599	-5142.753
-53.543716	29.45182	24.464806	66.50862	-19.334734	-21.238625	-4917.778
-53.50869	29.444239	27.959778	76.55996	-15.6009	-16.85126	-4999.4316
-53.473667	29.436647	31.45475	74.04168	-12.25964	-14.677259	-5169.22
-53.43865	29.429047	34.949722	59.111847	-10.96208	-14.676769	-5334.048
-53.403633	29.421436	38.444695	37.73125	-11.408911	-14.07515	-5529.971
-53.368626	29.413818	41.939667	20.95587	-11.949718	-12.146513	-5468.8916
-53.333626	29.40619	45.43464	17.376919	-11.992657	-10.4342785	-5289.686
-53.29863	29.398554	48.92961	25.237541	-11.863657	-10.338941	-5139.1245
-53.263638	29.390907	52.424583	42.860123	-9.914706	-11.037375	-5056.435
-53.22865	29.383251	55.919556	66.263596	-9.192814	-11.622963	-5052.456
-53.19367	29.375587	59.414528	83.13747	-12.123693	-13.33928	-5166.1123
-53.15869	29.367914	62.9095	80.56558	-17.010555	-17.746677	-5401.0015
-53.123722	29.360231	66.40447	63.345566	-23.688595	-23.991644	-5678.8394
-53.088757	29.35254	69.899445	44.00017	-27.265549	-28.574905	-5856.4756
-53.053795	29.34484	73.39442	31.104921	-27.831728	-29.75025	-5848.2036
-53.01884	29.33713	76.88939	25.826942	-26.439148	-27.52764	-5705.0947
-52.98389	29.32941	80.38436	20.721842	-23.624895	-23.20353	-5329.8857
-52.948948	29.321682	83.87933	12.57027	-18.262758	-17.81788	-4961.625
-52.91401	29.313944	87.374306	2.336568	-14.151352	-14.672295	-4997.5117
-52.879074	29.306198	90.86928	-9.047853	-15.314767	-15.6583605	-5173.5176
-52.844147	29.298443	94.36425	-20.696768	-17.758797	-17.744328	-5396.2646
-52.809223	29.290678	97.85922	-32.150826	-18.980999	-17.680405	-5497.657
-52.774307	29.282904	101.354195	-40.956985	-17.226973	-14.895238	-5398.7144
-52.739395	29.275122	104.84917	-45.32208	-12.536854	-10.554826	-5209.228
-52.704487	29.26733	108.34414	-49.210125	-7.2373137	-6.0723014	-5145.036
-52.669586	29.25953	111.83911	-56.284153	-4.8215	-4.3508267	-5140.107
-52.63469	29.251719	115.33408	-63.924187	-6.564581	-6.107072	-5180.1475
-52.599796	29.2439	118.829056	-69.52663	-8.910979	-7.9198117	-5273.104
-52.56491	29.236073	122.32403	-70.03667	-8.81538	-8.713942	-5326.0176
-52.530033	29.228235	125.819	-60.55273	-9.26825	-8.606472	-5289.926
-52.495155	29.220388	129.31396	-39.333675	-8.189001	-7.898469	-5247.4917
-52.460285	29.212534	132.80893	-14.119079	-9.360782	-7.6277137	-5374.7603
-52.425423	29.20467	136.3039	7.383746	-12.37531	-10.338173	-5436.395
-52.390564	29.196796	139.79886	23.500767	-15.157617	-16.35432	-5286.448
-52.35571	29.188913	143.29382	33.068356	-20.073174	-22.496746	-5644.782
-52.32086	29.181023	146.78879	31.651352	-24.218996	-25.021387	-5678.7485
-52.28602	29.173122	150.28375	19.492935	-23.528011	-22.536062	-5508.9863
-52.251183	29.165213	153.77872	3.6909318	-18.358889	-17.711613	-5235.4644
-52.21635	29.157295	157.27368	-11.867366	-12.366125	-13.403331	-5153.4224
-52.181522	29.149366	160.76865	-24.682476	-8.551465	-10.763239	-5101.821
-52.1467	29.141432	164.26361	-31.252531	-7.096464	-10.385933	-5071.1406
-52.111885	29.133486	167.75858	-33.024788	-9.66654	-12.746453	-5155.3267
-52.077072	29.12553	171.25354	-32.844723	-15.061962	-16.74874	-5307.81
-52.042267	29.117567	174.7485	-32.975136	-20.35415	-20.111155	-5444.6724
-52.00747	29.109596	178.24347	-34.239662	-22.514332	-21.613565	-5500.554
-51.972675	29.101614	181.73843	-34.210445	-22.81492	-22.286333	-5478.1875
-51.937885	29.093624	185.2334	-25.517105	-22.943117	-22.245893	-5414.815
-51.903103	29.085625	188.72836	-8.212726	-22.025406	-21.702696	-5356.9307
-51.868324	29.077616	192.22333	11.046323	-21.1128	-22.102676	-5334.1724
-51.83355	29.0696	195.71829	22.315535	-21.934702	-23.034647	-5337.12
-51.798782	29.061573	199.21326	23.623907	-22.5681	-22.45115	-5335.802
-51.76402	29.053537	202.70822	19.349012	-23.364664	-21.07292	-5320.4033
-51.729263	29.045494	206.20319	15.611743	-24.798712	-21.507921	-5304.136
-51.69451	29.037441	209.69815	11.304447	-24.685665	-23.375763	-5310.865
-51.659767	29.029379	213.19312	4.0885363	-23.748564	-24.041859	-5347.8315
-51.625027	29.021307	216.68808	-2.7192063	-21.091442	-22.049124	-5377.548
-51.59029	29.013227	220.18304	-2.6348982	-19.634188	-18.81309	-5341.8945
-51.55556	29.005138	223.67801	6.9512887	-18.072166	-16.918755	-5280.802
-51.52084	28.997042	227.17297	18.698925	-16.127176	-16.926044	-5229.783
-51.48612	28.988935	230.66794	22.507845	-11.541848	-15.250271	-5176.0576
-51.451405	28.98082	234.1629	13.145726	-7.9396276	-12.214663	-5116.733
-51.4167	28.972694	237.65787	-6.0091333	-7.0811486	-9.403094	-5068.893
-51.381996	28.964561	241.15283	-26.319714	-7.852836	-7.8720384	-5071.094
-51.347298	28.956419	244.6478	-41.827988	-10.600154	-10.686801	-5127.401
-51.312607	28.948269	248.14276	-50.04794	-13.94421	-15.47172	-5190.129
-51.277924	28.940107	251.63773	-47.746437	-16.951065	-17.41251	-5216.2256
-51.24324	28.93194	255.13269	-34.6754	-18.381222	-17.020681	-5205.8564
-51.20857	28.923761	258.62766	-14.822282	-17.294907	-16.29367	-5178.6523
-51.173897	28.915575	262.12262	4.2441545	-16.279135	-16.282532	-5202.814
-51.139233	28.90738	265.61758	15.028111	-15.781531	-16.978504	-5273.634
-51.104576	28.899174	269.11255	16.266525	-15.049044	-15.914103	-5181.216
-51.069923	28.89096	272.6075	8.93363	-12.138623	-11.651751	-4927.1895
-51.035275	28.88274	276.10248	-6.616512	-9.110875	-8.159006	-4685.8115
-51.000633	28.874508	279.59744	-27.19489	-9.905027	-8.678217	-4668.982
-50.965996	28.866268	283.0924	-46.15001	-9.931224	-9.8015785	-4744.4043
-50.931366	28.858019	286.58737	-56.65761	-7.4853926	-8.94748	-4797.277
-50.89674	28.849762	290.08234	-58.122623	-5.926997	-9.089982	-4967.758
-50.862118	28.841496	293.5773	-50.19448	-6.655791	-12.564488	-5237.133
-50.827503	28.83322	297.07227	-36.17471	-10.356717	-15.56186	-5385.1987
-50.792896	28.824936	300.56723	-20.38193	-15.75279	-15.700582	-5267.806
-50.758293	28.816643	304.0622	-6.146799	-17.305994	-13.768792	-5664.39
-50.723694	28.808342	307.55716	9.684402	-14.579881	-12.161003	-5569.175
-50.689102	28.80003	311.05212	32.75425	-11.032285	-11.455821	-5213.0635
-50.654514	28.791712	314.5471	54.3207	-8.020754	-9.5567665	-5038.165
-50.619934	28.783382	318.04205	64.28071	-6.4438205	-8.50824	-5240.767
-50.585358	28.775045	321.53702	61.35694	-7.396423	-9.398878	-5137.912
-50.550785	28.7667	325.03198	52.435772	-9.512744	-10.268651	-5061.588
-50.51622	28.758345	328.52695	40.15705	-13.669549	-13.107617	-4962.25
-50.481663	28.749983	332.0219	21.663969	-17.923601	-17.8481	-5337.826
-50.44711	28.74161	335.51688	-3.0914342	-19.909977	-20.344875	-5523.9805
-50.41256	28.733229	339.01184	-29.998285	-18.767246	-18.240833	-5333.014
-50.378017	28.724838	342.5068	-50.049328	-13.844964	-13.016753	-4920.1675
-50.34348	28.71644	346.00177	-60.77209	-10.514529	-9.876512	-4648.927
-50.30895	28.708033	349.49673	-66.21353	-11.100412	-11.180327	-4794.284
-50.27442	28.699617	352.9917	-77.52272	-12.144478	-13.553388	-5024.3
-50.239902	28.691193	356.48666	-93.85948	-11.733208	-13.899899	-5170.0303
-50.205387	28.682758	359.98163	-102.033226	-10.3162155	-12.472209	-5213.41
-50.170876	28.674316	363.4766	-83.35085	-10.26837	-11.124579	-5196.669
-50.13637	28.665865	366.97156	-41.92846	-11.615286	-10.932476	-5179.417
-50.101875	28.657406	370.46652	3.720667	-11.770458	-11.184013	-5167.0386
-50.067383	28.648937	373.9615	35.775814	-11.090448	-10.367654	-5218.813
-50.032894	28.64046	377.45645	43.592712	-10.259071	-7.1197534	-5147.1265
-49.998413	28.631973	380.95142	26.58412	-5.9686174	-2.3704915	-5040.953
-49.963936	28.623478	384.44638	-4.9656353	-0.5640876	1.2610068	-4879.7334
-49.929466	28.614975	387.94135	-32.527977	1.132211	1.1640316	-4691.8384
-49.895	28.606462	391.4363	-42.19272	-1.3303959	-2.476485	-4705.9287
-49.860542	28.597942	394.93127	-40.021896	-6.7941494	-7.1623735	-4827.008
-49.826088	28.589413	398.42624	-44.14101	-11.015132	-11.194459	-4973.9326
-49.79164	28.580873	401.9212	-61.033073	-13.600566	-13.656608	-5038.002
-49.7572	28.572327	405.41617	-82.23929	-14.00348	-14.266033	-4943.54
-49.722763	28.56377	408.91113	-93.32497	-12.418378	-13.023372	-4792.129
-49.68833	28.555206	412.4061	-85.019005	-8.961557	-10.318268	-4759.093
-49.653904	28.546633	415.90106	-60.00496	-6.3272676	-8.920527	-4830.185
-49.619484	28.538052	419.39603	-31.275276	-7.2578096	-9.907627	-4933.2183
-49.58507	28.52946	422.891	-11.548387	-11.83127	-11.792694	-5069.74
-49.55066	28.520863	426.38596	-2.4354851	-14.475959	-12.688798	-5129.812
-49.51626	28.512255	429.88092	5.187391	-13.908767	-11.530342	-5047.597
-49.48186	28.503637	433.3759	13.74441	-10.859004	-8.53533	-5022.007
-49.447468	28.495012	436.87085	15.792765	-6.496352	-4.9375315	-5007.878
-49.413082	28.48638	440.3658	7.479576	-1.5941024	-2.3205373	-4794.951
-49.3787	28.477736	443.86078	-3.7519038	-1.564818	-2.9847844	-4885.0195
-49.344326	28.469086	447.35574	-6.503966	-7.2945833	-8.806583	-5210.4487
-49.309956	28.460426	450.8507	5.7730436	-13.681294	-15.846153	-5363.9517
-49.275593	28.451757	454.34567	31.83191	-16.12468	-17.15638	-5253.25
-49.241234	28.44308	457.84064	61.10834	-13.783058	-12.541638	-5008.478
-49.206882	28.434395	461.3356	78.4094	-10.622836	-9.516266	-5054.624
-49.172535	28.425701	464.83057	76.59362	-10.208219	-11.342064	-5120.8716
-49.138195	28.416998	468.32553	58.069775	-10.250103	-13.287796	-5063.6104
-49.10386	28.408285	471.8205	35.61148	-8.226334	-11.52675	-5002.956
-49.069527	28.399567	475.31546	16.941092	-8.165329	-8.547395	-4860.813
-49.035202	28.390837	478.81042	8.738585	-9.256274	-8.098032	-4732.679
-49.000885	28.3821	482.3054	13.950572	-9.9113865	-10.591192	-4775.458
-48.96657	28.373354	485.80035	23.921154	-12.278621	-12.945149	-4621.8325
-48.932266	28.3646	489.29532	23.685177	-14.648353	-13.677327	-4863.452
-48.897964	28.355837	492.79028	15.1825285	-14.753926	-13.838955	-4982.25
-48.863667	28.347065	496.28525	11.4500265	-11.459099	-11.991203	-4816.317
-48.829376	28.338285	499.7802	12.047442	-5.8454065	-4.818768	-4729.6577
-48.795094	28.329496	503.27518	3.195491	-1.7861758	2.5259662	-4656.7485
-48.760815	28.320698	506.77014	-19.153051	-1.1556276	1.8781025	-4415.33
-48.72654	28.311892	510.2651	-43.111916	-3.161285	-4.471021	-4515.7085
-48.692272	28.303078	513.7601	-52.64976	-5.3844094	-7.615276	-4656.046
-48.65801	28.294254	517.25507	-39.06788	-4.8465967	-5.5634065	-4577.429
-48.623753	28.285423	520.75006	-8.08403	-0.5034954	-1.1698109	-4446.9946
-48.589504	28.276583	524.24506	21.013899	4.06042	2.628193	-4250.2856
-48.55526	28.267735	527.74005	29.820175	5.5332785	3.5135067	-4180.738
-48.52102	28.258877	531.23505	18.76218	1.4500808	-0.003292123	-4250.48
-48.486786	28.250011	534.73004	1.5586352	-5.908179	-6.3516517	-4355.5234
-48.452557	28.241137	538.22504	-14.891602	-13.026889	-12.324467	-4544.6543
-48.418335	28.232254	541.72003	-33.372246	-17.187239	-14.104348	-4625.788
-48.384117	28.223364	545.215	-49.922024	-13.9129505	-10.511753	-4633.6445
-48.349907	28.214464	548.71	-57.286015	-7.700021	-6.994916	-4479.2764
-48.315704	28.205555	552.205	-53.479233	-7.8510528	-9.507784	-4421.801
-48.2815	28.196638	555.7	-43.376923	-13.959572	-15.762695	-4746.907
-48.24731	28.187714	559.195	-33.4603	-21.047102	-21.190472	-5087.5166
-48.213123	28.17878	562.69	-28.579042	-25.466574	-23.616716	-5089.688
-48.17894	28.169836	566.185	-28.622526	-24.267641	-22.568377	-4975.1123
-48.144764	28.160887	569.68	-27.656063	-18.59988	-18.024118	-4882.405
-48.11059	28.151926	573.175	-19.379896	-10.498349	-10.418576	-4640.134
-48.076427	28.14296	576.67	-6.637159	-1.9736059	-2.7330577	-4432.805
-48.042267	28.133982	580.165	0.9652909	4.785095	1.3943697	-4152.677
-48.008114	28.124998	583.66	-3.8157144	10.603376	4.119278	-4124.7124
-47.973965	28.116005	587.15497	-17.261257	12.869812	8.110646	-4353.9634
-47.939823	28.107002	590.64996	-27.859367	13.305901	11.743416	-4189.3813
-47.90569	28.097994	594.14496	-27.217365	14.691099	13.721745	-4197.4585
-47.871555	28.088974	597.63995	-17.059278	15.028493	13.538483	-3955.8071
-47.837433	28.079948	601.13495	-6.870994	11.781126	9.985465	-4071.9897
-47.803314	28.070911	604.62994	-1.8134061	3.5677152	2.466729	-4450.181
-47.7692	28.061869	608.12494	3.4747138	-5.34922	-4.731498	-4738.1885
-47.735092	28.052816	611.61993	10.94901	-8.224103	-6.434324	-4869.026
-47.70099	28.043755	615.1149	11.12871	-3.8741198	-2.790318	-4583.6255
-47.666893	28.034687	618.6099	-0.011041085	3.1808546	2.7597709	-4282.6006
-47.632805	28.025608	622.1049	-7.2900767	9.235546	5.5415177	-4150.459
-47.598717	28.016523	625.5999	2.1952662	10.446681	4.869039	-3911.2737
-47.56464	28.00743	629.0949	18.89282	7.5082474	3.9245155	-4104.3267
-47.530567	27.998325	632.5899	25.634031	4.121941	1.7486753	-4191.8345
-47.4965	27.989214	636.0849	20.06742	-1.8529911	-4.248686	-4285.8955
-47.462437	27.980095	639.5799	10.994315	-10.280156	-12.192876	-4490.8955
-47.428383	27.970966	643.0749	4.030556	-17.346144	-17.891657	-4730.504
-47.39433	27.96183	646.5699	-3.8010137	-21.79233	-20.874577	-4922.4326
-47.360287	27.952686	650.0649	-13.972375	-25.410454	-24.712542	-5016.6455
-47.32625	27.943533	653.5599	-24.734732	-27.656921	-25.935108	-4969.011
-47.292213	27.934372	657.0549	-30.072369	-23.64896	-20.562918	-4793.6626
-47.258186	27.925201	660.54987	-28.789375	-15.328142	-11.6685705	-4587.7295
-47.224167	27.916023	664.04486	-23.786572	-6.072479	-4.8685904	-4422.2266
-47.19015	27.906837	667.53986	-12.944642	1.5699185	-0.32833764	-4279.9727
-47.156143	27.897642	671.03485	3.893797	6.086092	3.6413093	-4157.76
-47.12214	27.88844	674.52985	16.66229	6.5066867	5.55384	-4188.343
-47.08814	27.879227	678.02484	13.67609	3.2638228	4.704039	-4424.847
-47.054146	27.870007	681.51984	-7.721941	-0.21308881	3.1909537	-4529.5166
-47.02016	27.860779	685.01483	-35.381935	-0.67173123	3.6717355	-4284.7163
-46.98618	27.851543	688.5098	-51.264088	4.3006077	5.538393	-3986.1045
-46.952206	27.842299	692.0048	-50.183506	7.938397	6.137205	-4028.4841
-46.918236	27.833044	695.4998	-43.711014	6.5006623	4.762751	-4208.3223
-46.88427	27.823784	698.9948	-41.36484	2.7616682	2.431304	-4197.5146
-46.850315	27.814512	702.4898	-38.540237	-0.8353485	0.16580051	-4132.6733
-46.81636	27.805235	705.9848	-25.300186	-3.4650142	-2.0784695	-4080.057
-46.782417	27.795948	709.4798	-3.184855	-5.071899	-4.8677354	-4129.867
-46.748474	27.786654	712.9748	17.390293	-7.223856	-8.45155	-4127.5664
-46.714542	27.777351	716.4698	32.20409	-10.319224	-12.4868	-4213.8677
-46.68061	27.76804	719.9648	41.091576	-14.953587	-15.948945	-4387.4077
-46.64669	27.75872	723.4598	43.84409	-19.996727	-17.510294	-4479.871
-46.612774	27.749392	726.9548	36.00813	-21.357853	-16.559134	-4560.0977
-46.57886	27.740055	730.44977	22.565647	-18.139338	-13.755761	-4537.891
-46.544956	27.730711	733.94476	10.6973505	-11.973768	-9.851528	-4403.5254
-46.511055	27.72136	737.43976	3.6603281	-5.047434	-4.6855907	-4272.429
-46.47716	27.711998	740.93475	-1.4895155	1.9428596	3.3054435	-4130.935
-46.443275	27.70263	744.42975	-4.8078566	10.76807	12.348747	-3899.5562
-46.409393	27.69325	747.92474	-0.26756352	18.780169	17.291359	-3686.4785
-46.375515	27.683867	751.41974	9.809342	20.100222	18.045301	-3590.9272
-46.341644	27.67447	754.91473	11.647679	19.118048	17.740437	-3614.517
-46.30778	27.66507	758.4097	-8.306753	16.857037	15.702373	-3729.354
-46.273922	27.655659	761.9047	-46.88511	11.740351	10.716563	-3921.4424
-46.24007	27.64624	765.3997	-78.753296	4.256439	3.4607177	-4070.5227
-46.206223	27.636814	768.8947	-85.597	-5.353628	-4.4947157	-4116.074
-46.172382	27.627378	772.3897	-71.31129	-11.68526	-10.968581	-4184.577
-46.138546	27.617935	775.8847	-48.63377	-14.699216	-13.877684	-4185.321
-46.104717	27.608484	779.3797	-26.15231	-16.844498	-13.63703	-4170.5073
-46.070892	27.599024	782.8747	-5.823481	-16.683392	-13.264376	-4191.4873
-46.037075	27.589556	786.3697	12.85392	-16.577934	-14.536682	-4215.894
-46.00326	27.58008	789.8647	29.012794	-16.910212	-15.939389	-4238.571
-45.969456	27.570597	793.3597	35.934326	-17.535534	-15.375653	-4245.006
-45.935654	27.561104	796.8547	25.657879	-14.727499	-13.086358	-4176.206
-45.90186	27.551603	800.3497	1.8620579	-10.728098	-10.239498	-4055.8152
-45.868073	27.542095	803.84467	-22.07492	-6.086517	-7.3129015	-4003.8718
-45.83429	27.532578	807.33966	-33.803043	-0.9869062	-3.6448038	-3850.9255
-45.80051	27.523052	810.83466	-32.978943	0.5822246	-1.0574832	-3648.154
-45.76674	27.51352	814.32965	-32.140423	-3.1606016	-2.5984836	-3747.1223
-45.732975	27.503979	817.82465	-43.217323	-9.723917	-6.683005	-3924.5667
-45.699215	27.494429	821.31964	-62.30782	-13.372539	-10.842345	-4097.1157
-45.665462	27.48487	824.81464	-71.09551	-15.627618	-14.963498	-4262.3213
-45.631714	27.475306	828.30963	-56.52639	-15.95268	-17.275764	-4339.0415
-45.597973	27.46573	831.8046	-20.941723	-12.809675	-15.014312	-4252.7754
-45.564236	27.456148	835.2996	24.917433	-7.6436124	-9.786442	-3992.8848
-45.530506	27.446558	838.7946	65.30071	-5.862891	-6.4626102	-3805.7354
-45.49678	27.43696	842.2896	79.30635	-7.904558	-5.5080347	-3825.5796
-45.463062	27.427355	845.7846	61.58112	-6.4141874	-5.8137712	-3887.648
-45.42935	27.41774	849.2796	27.660316	-5.5338116	-5.971235	-3908.3425
-45.395645	27.408117	852.7746	-2.1135917	-2.57626	-3.4361627	-3818.593
-45.361942	27.398485	856.2696	-19.32826	4.874215	3.7768161	-3612.1873
-45.328247	27.388847	859.7646	-31.260418	14.169374	13.155774	-3370.2175
-45.29456	27.3792	863.2596	-40.957302	21.16971	18.170862	-3220.4648
-45.260876	27.369545	866.7546	-38.436584	20.832588	16.555077	-3248.2996
-45.2272	27.359882	870.2496	-20.567766	14.049735	10.89312	-3406.2148
-45.193527	27.35021	873.74457	4.625018	4.2751174	3.5957868	-3689.049
-45.159863	27.34053	877.23956	26.53404	-1.7845913	-0.50871265	-3872.2236
-45.1262	27.330845	880.73456	36.082462	0.48754582	2.570208	-3910.9575
-45.09255	27.321148	884.22955	33.65011	8.608479	9.085896	-3502.0374
-45.0589	27.311445	887.72455	26.435108	17.811922	15.243911	-3315.0972
-45.025257	27.301733	891.21954	14.954928	23.37537	19.026611	-3326.2908
-44.991623	27.292013	894.71454	-1.4726294	22.535301	19.175552	-3394.1409
-44.957993	27.282286	898.20953	-12.6998005	18.982977	17.865793	-3395.116
-44.924366	27.27255	901.7045	-13.882987	16.833466	15.898468	-3364.2
-44.89075	27.262808	905.1995	-11.471687	14.665913	12.72513	-3282.9941
-44.857136	27.253056	908.6945	-17.369347	9.682022	9.508131	-3255.419
-44.82353	27.243296	912.1895	-26.474266	6.7719088	7.283347	-3198.4011
-44.78993	27.233528	915.6845	-27.836304	4.1080055	6.335215	-3315.637
-44.756336	27.223751	919.1795	-15.4553995	2.8518653	8.175364	-3358.052
-44.722744	27.213968	922.6745	-2.520333	6.0995092	12.6961565	-3224.46
-44.689163	27.204176	926.1695	-7.9839506	15.879697	17.755152	-3113.5283
-44.655586	27.194376	929.6645	-26.08366	23.23901	21.023409	-3087.3281
-44.622013	27.184568	933.1595	-36.41097	23.150492	20.550142	-3093.2979
-44.588448	27.174753	936.6545	-44.828327	18.355688	16.353	-3113.0042
-44.55489	27.164928	940.1495	-64.97501	11.451968	8.579615	-2987.2747
-44.521336	27.155098	943.6445	-89.131065	3.6699016	-0.91864264	-3006.5447
-44.48779	27.145258	947.13947	-97.27513	-7.220924	-10.765553	-3286.5408
-44.454247	27.13541	950.63446	-79.21868	-17.200249	-18.75506	-3564.2063
-44.42071	27.125553	954.12946	-34.463512	-22.25442	-21.088785	-3750.0288
-44.38718	27.11569	957.62445	34.95855	-22.336704	-17.123198	-3795.1519
-44.353657	27.105818	961.11945	114.742714	-14.101277	-7.40781	-3620.8992
-44.320137	27.09594	964.61444	176.61157	1.5207293	8.394072	-3217.2898
-44.286625	27.086052	968.10944	193.97876	20.463331	25.11303	-2777.6245
-44.25312	27.076157	971.60443	161.54987	35.731277	37.21143	-2664.5964
-44.21962	27.066252	975.0994	95.5848	44.005196	44.122124	-2522.887
-44.186127	27.056341	978.5944	20.21989	49.09544	47.81775	-2712.463
-44.152637	27.046423	982.0894	-38.877426	51.65787	49.539562	-2434.4888
-44.119156	27.036495	985.5844	-65.15424	50.488766	49.170837	-2800.8132
-44.08568	27.02656	989.0794	-43.80898	49.733036	46.756516	-2553.7227
-44.052208	27.016617	992.5744	20.5944	47.85609	42.54368	-2513.3545
-44.01874	27.006666	996.0694	86.1142	37.044792	35.540672	-2996.2585
-43.985283	26.996706	999.5644	110.52342	27.129192	27.82757	-3476.9502
-43.95183	26.98674	1003.0594	91.15317	23.293324	24.002089	-3452.5896
-43.918385	26.976765	1006.5544	60.75487	23.57532	26.260138	-3501.919
-43.88494	26.966784	1010.0494	42.860695	29.646618	31.263273	-3446.33
-43.85151	26.956793	1013.5444	38.10687	36.532852	34.526688	-2852.7456
-43.818077	26.946795	1017.03937	31.456173	38.36696	34.088417	-2946.9211
-43.784657	26.936789	1020.53436	13.299646	33.75052	30.441591	-3254.3755
-43.751236	26.926773	1024.0293	-6.211065	26.730907	24.645887	-3212.1157
-43.717827	26.916752	1027.5243	-11.498015	16.6397	17.427458	-3376.005
-43.68442	26.906723	1031.0193	-4.7790246	8.285502	12.282749	-4019.6116
-43.65102	26.896685	1034.5143	-2.151011	6.7952924	11.638316	-3715.2952
-43.617626	26.886639	1038.0093	-9.588378	11.4137335	13.076933	-3222.1436
-43.58424	26.876585	1041.5043	-13.180904	14.313243	13.629117	-3352.625
-43.550858	26.866524	1044.9993	1.8707509	13.596691	14.166329	-3612.0034
-43.517483	26.856455	1048.4943	25.71833	14.385609	16.272959	-3402.6365
-43.48411	26.846378	1051.9893	38.06059	17.10668	17.631533	-3345.2603
-43.45075	26.836294	1055.4843	30.40315	17.875685	15.966043	-3396.2136
-43.41739	26.8262	1058.9792	19.037575	16.368269	13.955775	-3783.183
-43.384037	26.816101	1062.4742	10.677525	14.933568	14.521368	-3477.656
-43.350693	26.805992	1065.9692	-0.63628477	13.226518	15.966329	-3457.1167
-43.317352	26.795877	1069.4642	-11.4689245	10.8849945	17.59567	-3593.6626
-43.28402	26.785753	1072.9592	-11.200967	9.5639515	18.157763	-3565.6658
-43.25069	26.775621	1076.4542	8.774818	9.344085	14.608334	-3521.126
-43.21737	26.765482	1079.9492	40.40373	7.53163	10.1189	-3620.2427
-43.18405	26.755335	1083.4442	66.312935	7.8506937	8.624555	-3704.7773
-43.15074	26.74518	1086.9392	72.15089	9.010305	7.2499914	-3761.7527
-43.117435	26.735018	1090.4342	59.435448	8.851805	5.4464192	-3750.6755
-43.084137	26.724846	1093.9292	37.62712	9.859988	5.364567	-3631.7444
-43.050846	26.714668	1097.4242	18.358068	10.811647	7.3796816	-3538.4348
-43.01756	26.704483	1100.9192	11.8069515	11.532791	9.452255	-3507.6602
-42.98428	26.694288	1104.4142	16.787184	11.890944	9.771191	-3561.1545
-42.951004	26.684088	1107.9092	19.942636	10.821834	8.096667	-3686.4807
-42.917736	26.673878	1111.4042	11.277825	7.8217835	5.6284366	-3828.395
-42.88447	26.66366	1114.8992	-6.126638	3.1637812	3.9368782	-3955.7278
-42.851215	26.653435	1118.3942	-20.18158	2.4573112	4.5296626	-4007.8616
-42.817966	26.643204	1121.8892	-24.584293	5.6274443	8.067164	-3916.7268
-42.78472	26.632963	1125.3842	-16.311686	10.521406	11.579727	-3817.9988
-42.75148	26.622715	1128.8792	3.8961623	13.642173	11.523863	-3779.1794
-42.718246	26.61246	1132.3741	31.585293	11.938943	8.746065	-3802.7024
-42.68502	26.602196	1135.8691	55.72081	6.578787	4.4016533	-3942.3818
-42.651802	26.591925	1139.3641	68.56806	-0.41716316	-0.75888896	-4126.76
-42.618584	26.581646	1142.8591	67.651794	-4.357807	-4.493524	-4269.2134
-42.585377	26.57136	1146.3541	54.903255	-5.4288173	-5.432798	-4312.1997
-42.552174	26.561064	1149.8491	34.0667	-5.534544	-3.6377413	-4273.808
-42.518974	26.550762	1153.3441	9.185352	-2.9109855	-0.5043382	-4197.8477
-42.485786	26.540453	1156.8391	-15.541744	2.3569024	3.9918458	-4078.9675
-42.4526	26.530136	1160.3341	-31.98847	10.435606	10.566994	-3901.109
-42.419422	26.519812	1163.8291	-32.11588	18.734205	18.306293	-3703.237
-42.386246	26.509478	1167.3241	-19.108187	24.80839	24.044447	-3570.1436
-42.35308	26.499138	1170.8191	-8.455282	27.990637	25.515757	-3560.5532
-42.31992	26.48879	1174.3141	-13.396155	26.500013	23.026846	-3631.656
-42.286762	26.478434	1177.8091	-26.588789	22.650114	20.311642	-3716.6338
-42.253613	26.468071	1181.3041	-37.128235	20.214201	19.796032	-3785.3706
-42.22047	26.457699	1184.7991	-45.84119	19.22865	21.00028	-3723.749
-42.187332	26.44732	1188.2941	-56.387665	19.851444	20.985346	-3817.479
-42.1542	26.436935	1191.7891	-60.731724	20.835594	18.612812	-3820.7747
-42.121075	26.42654	1195.284	-49.370945	17.917496	15.390064	-3761.483
-42.087955	26.41614	1198.779	-26.852253	15.41695	13.363327	-3789.9348
-42.054844	26.40573	1202.274	-8.463653	13.980461	12.976935	-3906.0298
-42.021736	26.395313	1205.769	-0.99850285	11.732165	12.518708	-3926.8157
-41.988632	26.384888	1209.264	3.8295877	11.3994875	13.527972	-3844.949
-41.95554	26.374456	1212.759	13.954697	17.316568	16.930088	-3721.255
-41.922447	26.364017	1216.254	29.323124	21.98756	19.598717	-3674.3262
-41.889366	26.353569	1219.749	44.618893	19.995544	16.983353	-3808.9978
-41.85629	26.343115	1223.244	52.914104	12.95251	9.738862	-3951.9148
-41.823215	26.332653	1226.739	52.48979	6.759523	3.6488366	-3983.7993
-41.79015	26.322182	1230.234	47.187504	2.2389896	1.3202207	-4252.0435
-41.75709	26.311705	1233.729	43.756004	-3.3311524	-0.42040405	-4566.9033
-41.724037	26.30122	1237.224	43.345825	-7.106226	-2.5302453	-4602.0327
-41.69099	26.290728	1240.719	39.159496	-5.920278	-1.7473075	-4281.026
-41.657948	26.280226	1244.214	27.102106	0.59088147	3.4211257	-4222.9175
-41.624912	26.269718	1247.709	12.371973	8.795301	8.214566	-4214.075
-41.59188	26.259203	1251.204	1.394811	11.577193	7.959986	-4210.5815
-41.558857	26.24868	1254.699	-2.884297	6.634185	3.760702	-4382.298
-41.52584	26.23815	1258.194	0.21672198	-0.2933114	-1.8893615	-4646.0127
-41.49283	26.227612	1261.689	9.885156	-5.800592	-6.012337	-4792.8555
-41.45982	26.217066	1265.184	18.994427	-6.761516	-6.145698	-4777.576
-41.426823	26.206512	1268.679	21.301401	-4.1500683	-4.2835393	-4654.1123
-41.39383	26.195951	1272.174	20.594398	-2.3518848	-3.7735357	-4474.577
-41.36084	26.185385	1275.669	22.55795	-2.3768594	-3.435761	-4231.402
-41.327858	26.174809	1279.164	25.627827	-3.4600713	-2.8523772	-3923.7053
-41.294884	26.164225	1282.6589	22.737087	-3.5758524	-3.7453742	-3605.651
-41.261913	26.153633	1286.1539	9.0877	-3.8677099	-5.395714	-3418.8987
-41.228947	26.143036	1289.6489	-10.282894	-6.63114	-5.767995	-3679.8594
-41.19599	26.13243	1293.1439	-26.10056	-10.226983	-4.7843475	-4241.9404
-41.163036	26.121817	1296.6389	-34.45429	-10.778727	-4.1083403	-4252.822
-41.130093	26.111197	1300.1339	-37.75675	-6.9798183	-1.4788848	-3909.8518
-41.097153	26.100567	1303.6289	-36.12411	1.4236363	5.035812	-3695.5376
-41.064217	26.089931	1307.1239	-25.353964	10.6306305	12.521409	-3679.5796
-41.03129	26.079288	1310.6189	-10.378716	15.999953	17.171888	-3447.7852
-40.998367	26.068638	1314.1139	-1.0028082	19.388592	17.885136	-3333.064
-40.96545	26.05798	1317.6089	5.9380136	19.405989	14.780638	-3432.48
-40.93254	26.047314	1321.1039	15.941216	15.002978	9.79548	-3569.8286
-40.89964	26.036642	1324.5989	28.012989	9.283266	5.541443	-3764.5535
-40.866737	26.02596	1328.0939	30.51941	5.2320175	2.9946299	-3982.9814
-40.833847	26.015272	1331.5889	21.724161	2.0308864	0.020322561	-4165.758
-40.80096	26.004578	1335.0839	14.421662	-3.3596444	-4.311807	-4267.1646
-40.76808	25.993876	1338.5789	17.147596	-7.601625	-7.106189	-4358.8125
-40.735207	25.983164	1342.0739	20.665884	-7.501063	-6.5422716	-4618.37
-40.70234	25.972446	1345.5688	13.39849	-3.213271	-2.6540244	-4595.4106
-40.669476	25.961721	1349.0638	-0.05069486	3.6152806	2.623557	-4266.1973
-40.63662	25.950989	1352.5588	-5.830167	9.503404	6.2522464	-4036.4631
-40.60377	25.940248	1356.0538	5.517536	8.883075	6.074965	-4058.895
-40.570927	25.929502	1359.5488	19.841412	3.5051227	2.4890795	-4249.886
-40.538086	25.918747	1363.0438	22.737661	-2.3134592	-1.8372514	-4364.3857
-40.505257	25.907986	1366.5388	16.645046	-5.906638	-5.165284	-4340.694
-40.472427	25.897215	1370.0338	13.052197	-5.445935	-6.5672107	-4261.3623
-40.43961	25.886438	1373.5288	11.780301	-6.9638567	-8.006946	-4514.8086
-40.406796	25.875654	1377.0238	7.1977468	-12.460664	-12.138858	-4876.036
-40.373985	25.864862	1380.5188	-6.1330404	-17.44277	-16.239985	-4876.8784
-40.341183	25.854063	1384.0138	-27.600088	-17.941248	-16.950294	-4804.477
-40.308388	25.843256	1387.5088	-46.469307	-16.875523	-15.6753845	-4855.188
-40.275597	25.832443	1391.0038	-52.40917	-16.096937	-15.239243	-4906.562
-40.242813	25.821623	1394.4988	-44.944424	-15.676768	-16.05126	-4966.1284
-40.210033	25.810793	1397.9938	-29.97165	-15.741503	-15.081185	-5023.0503
-40.17726	25.799957	1401.4888	-12.461714	-14.156207	-10.785298	-5006.022
-40.144497	25.789114	1404.9838	2.6686203	-11.693145	-6.1236057	-4841.104
-40.111736	25.778263	1408.4788	8.383971	-8.143613	-5.1924324	-4989.364
-40.078983	25.767406	1411.9738	0.68434733	-8.898107	-7.8805456	-5093.142
-40.046234	25.75654	1415.4688	-16.185572	-11.952988	-10.07832	-5134.7817
-40.013493	25.745668	1418.9637	-34.570694	-10.593365	-8.93418	-5076.31
-39.980755	25.734789	1422.4587	-49.26347	-7.1015778	-5.4707556	-4926.684
-39.948025	25.723902	1425.9537	-60.612667	-2.181092	-1.6337401	-4716.0273
-39.9153	25.713007	1429.4487	-70.19525	3.35036	1.6677696	-4537.265
-39.882584	25.702105	1432.9437	-75.848595	6.1095324	4.2381225	-4461.31
-39.84987	25.691196	1436.4387	-71.37199	7.8898864	5.758367	-4531.275
-39.81716	25.680279	1439.9337	-53.69047	6.9768825	5.37917	-4752.209
-39.784462	25.669355	1443.4287	-29.401487	3.3969557	1.9226376	-4980.062
-39.75177	25.658424	1446.9237	-10.009287	-2.2465794	-3.653359	-5080.1655
-39.71908	25.647488	1450.4187	-2.7441504	-6.5387893	-6.368609	-5057.4995
-39.686398	25.636541	1453.9137	-4.2413096	-5.75401	-3.8744419	-4961.4995
-39.65372	25.62559	1457.4087	-6.217516	-0.3510872	2.9231768	-4820.8247
-39.62105	25.614628	1460.9037	0.25300837	7.7897186	10.082631	-4590.0625
-39.588387	25.60366	1464.3987	10.716093	15.767889	15.701072	-4352.83
-39.55573	25.592686	1467.8937	16.87783	18.953703	18.683	-4239.423
-39.523075	25.581705	1471.3887	10.413844	18.95436	17.30326	-4194.2544
-39.49043	25.570715	1474.8837	-11.343324	16.32852	13.048118	-4339.8843
-39.45779	25.55972	1478.3787	-34.84695	11.401629	10.588504	-4569.1284
-39.425156	25.548716	1481.8737	-45.214664	8.679163	10.719866	-4605.4946
-39.392525	25.537704	1485.3687	-38.075356	9.616614	10.913506	-4432.8755
-39.359905	25.526688	1488.8636	-21.580921	8.819196	7.374089	-4365.68
-39.327286	25.515661	1492.3586	-6.198059	2.8478045	0.95318794	-4640.7974
-39.294678	25.50463	1495.8536	7.366818	-2.602618	-2.9428666	-4910.3853
-39.262074	25.49359	1499.3486	23.647667	-3.4361272	-2.838554	-4930.8984
-39.229473	25.482544	1502.8436	44.537407	-0.8314766	-1.3426789	-4822.338
-39.19688	25.471489	1506.3386	63.582535	0.577117	-0.37337407	-4740.8545
-39.164295	25.460428	1509.8336	68.85969	-0.58479357	-0.69981945	-4789.497
-39.131714	25.44936	1513.3286	64.37845	-2.8015926	-2.541115	-4960.019
-39.09914	25.438284	1516.8236	59.281498	-5.1968074	-4.73026	-5124.746
-39.06657	25.4272	1520.3186	59.122276	-5.370554	-4.629633	-5150.4478
-39.034008	25.416111	1523.8136	58.45591	-2.3206906	-1.3961782	-5033.5425
-39.001453	25.405014	1527.3086	48.809883	2.3509955	2.1341383	-4867.5024
-38.968903	25.39391	1530.8036	27.556444	5.5925465	4.405877	-4740.671
-38.936356	25.382797	1534.2986	1.2540429	6.4856977	5.9944224	-4670.3247
-38.90382	25.37168	1537.7936	-19.598795	7.2000976	8.038975	-4622.789
-38.871284	25.360554	1541.2886	-29.424212	8.751206	10.653762	-4563.298
-38.83876	25.34942	1544.7836	-32.136658	11.459245	12.344592	-4488.397
-38.80624	25.33828	1548.2786	-26.499538	14.126997	13.717906	-4416.885
-38.773724	25.327133	1551.7736	-9.857921	14.798624	14.60135	-4394.07
-38.741215	25.315979	1555.2686	18.091324	12.439688	12.551929	-4465.839
-38.708714	25.304817	1558.7635	51.477592	8.253521	8.766883	-4636.219
-38.676216	25.29365	1562.2585	80.638176	4.2687407	5.511127	-4851.286
-38.643726	25.282473	1565.7535	97.07965	2.5936005	3.5858314	-5018.601
-38.61124	25.27129	1569.2485	95.46615	2.577686	3.3791506	-5034.2163
-38.578762	25.260101	1572.7435	79.32099	3.1861863	3.988642	-4948.014
-38.54629	25.248903	1576.2385	56.112087	2.1139858	3.298395	-4931.5703
-38.513824	25.2377	1579.7335	33.690197	1.6623902	1.6988056	-5011.8096
-38.48136	25.226488	1583.2285	16.644295	1.563089	0.6500248	-5082.1357
-38.44891	25.21527	1586.7235	5.748251	2.8211157	0.54323816	-4987.5435
-38.41646	25.204044	1590.2185	-2.7526743	4.0095687	0.962164	-4795.193
-38.384018	25.192812	1593.7135	-16.45162	1.1980017	0.98055923	-4926.246
-38.35158	25.181572	1597.2085	-40.9563	-1.038232	-0.38684478	-5058.926
-38.31915	25.170326	1600.7035	-69.30915	-3.1318965	-2.137173	-5401.4077
-38.286724	25.159071	1604.1985	-86.709854	-4.0974693	-2.0773096	-5414.457
-38.254307	25.147812	1607.6935	-90.730484	-1.4950511	0.61443484	-5272.4297
-38.221893	25.136543	1611.1885	-82.72665	3.4153426	3.7636085	-4981.9824
-38.189487	25.125269	1614.6835	-63.765266	5.8334427	5.7828493	-4972.4116
-38.157085	25.113987	1618.1785	-41.858475	7.9562407	6.6481266	-4857.7607
-38.12469	25.102697	1621.6735	-22.111977	11.283545	6.8711443	-4678.2446
-38.0923	25.091402	1625.1685	-2.9875383	12.181349	7.5545487	-4706.0503
-38.059917	25.0801	1628.6635	21.41796	8.847474	7.9290714	-4881.883
-38.027542	25.068789	1632.1584	46.433453	3.561271	6.1870055	-4986.7744
-37.99517	25.057472	1635.6534	57.160633	0.51981175	3.4127235	-4961.644
-37.962807	25.046146	1639.1484	47.944195	-0.18147935	2.0236304	-4950.305
-37.930447	25.034817	1642.6434	25.999401	1.3293446	1.5886575	-4946.2856
-37.898094	25.023478	1646.1384	1.1726718	1.6102294	0.7124369	-4900.091
-37.865746	25.012133	1649.6334	-23.36437	-0.1879335	-1.2047473	-4874.764
-37.833405	25.00078	1653.1284	-47.025936	-1.7944477	-5.7650523	-5008.6206
-37.80107	24.989422	1656.6234	-67.057175	-7.3403378	-12.137597	-5211.185
-37.76874	24.978056	1660.1184	-78.408035	-14.102467	-16.184587	-5446.3813
-37.73642	24.966682	1663.6134	-76.85001	-17.899332	-18.096748	-5564.882
-37.7041	24.955303	1667.1084	-60.255466	-19.446968	-18.609406	-5454.8286
-37.67179	24.943916	1670.6034	-30.589067	-18.664804	-17.786179	-5259.2344
-37.639484	24.932522	1674.0984	4.3700576	-17.354788	-17.1788	-5166.0264
-37.607185	24.921122	1677.5934	29.190647	-16.63484	-16.153006	-5297.4966
-37.574894	24.909712	1681.0884	30.692154	-15.310489	-12.955926	-5563.2646
-37.542606	24.898298	1684.5834	11.4612875	-13.854028	-9.383217	-5660.0923
-37.510323	24.886877	1688.0784	-13.307027	-10.785136	-8.119976	-5377.9976
-37.47805	24.875448	1691.5734	-30.36162	-7.4111733	-6.9772596	-5106.667
-37.445778	24.864012	1695.0684	-30.6051	-6.0425677	-3.667486	-5081.317
-37.413517	24.85257	1698.5634	-15.537136	-4.293385	0.28451002	-4879.8193
-37.38126	24.84112	1702.0583	7.5174403	-0.95680577	2.334724	-4747.304
-37.349007	24.829662	1705.5533	27.929163	1.5482789	1.3071418	-5102.9844
-37.31676	24.8182	1709.0483	36.069828	-1.0708029	-1.8955094	-5502.0415
-37.284523	24.80673	1712.5433	29.010109	-3.343612	-3.455963	-5447.49
-37.25229	24.795252	1716.0383	9.271658	-3.7393804	-2.2594798	-5111.4287
-37.220062	24.783768	1719.5333	-11.264127	-2.8235395	-1.7964578	-5042.9517
-37.18784	24.772278	1723.0283	-18.52039	-2.0894525	-3.4647527	-5207.7705
-37.155624	24.76078	1726.5233	-12.307561	-4.025528	-7.1110992	-5411.205
-37.123413	24.749275	1730.0183	-0.9076247	-8.130156	-11.059459	-5581.446
-37.09121	24.737762	1733.5133	10.355732	-13.234688	-14.08552	-5681.2876
-37.059013	24.726244	1737.0083	22.955486	-15.618114	-16.126823	-5711.286
-37.02682	24.71472	1740.5033	33.699234	-16.96309	-16.99254	-5698.4688
-36.994637	24.703186	1743.9983	34.617012	-17.19738	-17.681993	-5686.7
-36.962456	24.691648	1747.4933	24.955624	-17.64116	-18.70944	-5707.546
-36.930283	24.680101	1750.9883	12.387258	-19.048918	-20.078962	-5772.1875
-36.898113	24.668549	1754.4833	4.7483883	-19.73641	-22.005964	-5892.045
-36.86595	24.65699	1757.9783	3.1453032	-21.40739	-23.880316	-6070.4717
-36.833794	24.645422	1761.4733	4.3329816	-26.224255	-26.16138	-6289.514
-36.801643	24.63385	1764.9683	6.5936956	-31.451626	-29.090862	-6511.2705
-36.7695	24.622269	1768.4633	12.240918	-35.694767	-32.579964	-6671.602
-36.737362	24.610682	1771.9583	18.161108	-36.59267	-35.16551	-6698.26
-36.70523	24.599089	1775.4532	22.602448	-33.829075	-32.909164	-6545.4316
-36.673103	24.587488	1778.9482	27.466494	-26.180882	-23.53501	-6227.801
-36.640984	24.57588	1782.4432	30.900114	-15.1035595	-10.738332	-5824.248
-36.60887	24.564266	1785.9382	29.822968	-3.9598227	-1.509597	-5454.6143
-36.57676	24.552645	1789.4332	25.694931	3.6537848	3.0067346	-5205.2207
-36.54466	24.541018	1792.9282	18.3322	6.6356974	6.4205213	-5062.9897
-36.51256	24.529383	1796.4232	10.320519	7.498302	9.296623	-4998.9526
-36.480473	24.51774	1799.9182	4.973101	7.421164	9.804256	-4989.1963
-36.448387	24.506092	1803.4132	4.852953	7.518167	8.437538	-5025.1074
-36.41631	24.494436	1806.9082	7.991817	6.430704	5.3484097	-5074.266
-36.384235	24.482775	1810.4032	8.959087	2.472973	0.4499402	-5215.881
-36.35217	24.471107	1813.8982	7.21706	-4.4226265	-5.915041	-5345.6255
-36.320107	24.45943	1817.3932	6.36245	-12.325267	-11.984015	-5521.238
-36.28805	24.44775	1820.8882	6.5793033	-17.892345	-15.850016	-5757.62
-36.256004	24.43606	1824.3832	9.178657	-21.312418	-17.700638	-5918.8813
-36.22396	24.424364	1827.8782	14.331277	-23.174425	-18.509367	-6009.914
-36.191925	24.412663	1831.3732	23.050545	-23.016554	-19.6103	-6032.1787
-36.159893	24.400953	1834.8682	37.125916	-20.364613	-19.104609	-5906.4766
-36.12787	24.389236	1838.3632	51.64864	-13.928177	-13.901496	-5635.17
-36.095848	24.377514	1841.8582	55.328453	-6.309738	-4.971919	-5321.3364
-36.063835	24.365786	1845.3531	40.966022	1.2299204	2.7890573	-5076.1377
-36.03183	24.35405	1848.8481	17.687593	6.0056424	6.5657372	-4969.2744
-35.99983	24.342306	1852.3431	1.3685597	7.146805	7.159811	-4964.102
-35.96783	24.330557	1855.8381	3.4734545	7.4045434	8.090208	-4960.0186
-35.93584	24.318802	1859.3331	15.511506	10.391495	12.925171	-4844.746
-35.90386	24.307037	1862.8281	22.072422	16.295399	19.325462	-4606.3613
-35.87188	24.295269	1866.3231	8.412997	22.64376	23.019651	-4325.57
-35.83991	24.283493	1869.8181	-20.996233	27.398518	25.156612	-4097.237
-35.807945	24.27171	1873.3131	-49.221645	28.269684	25.437931	-4054.8923
-35.77598	24.25992	1876.8081	-61.09585	22.359201	20.608599	-4228.411
-35.74403	24.248123	1880.3031	-55.2298	14.884218	12.461402	-4539.782
-35.712082	24.23632	1883.7981	-42.3072	10.3681	4.808063	-4893.4185
-35.68014	24.22451	1887.2931	-26.774351	5.7765975	-1.7690586	-5243.8584
-35.648205	24.212694	1890.7881	-13.254323	1.4355541	-7.0015316	-5532.6924
-35.616272	24.200872	1894.2831	-1.9388715	-3.7695231	-10.678812	-5729.686
-35.58435	24.189041	1897.7781	8.867267	-8.92575	-14.593892	-5869.824
-35.55243	24.177206	1901.2731	19.985184	-14.232894	-18.174683	-5959.404
-35.52052	24.165363	1904.7681	27.828106	-18.52947	-20.519896	-6034.7764
-35.488613	24.153513	1908.2631	24.88263	-21.930109	-23.525696	-6183.618
-35.45671	24.141657	1911.758	11.403918	-25.636074	-28.693525	-6408.348
-35.424816	24.129795	1915.253	-2.4371552	-31.666876	-34.703587	-6677.609
-35.39293	24.117926	1918.748	-3.618568	-38.150925	-40.02701	-6930.059
-35.361046	24.106049	1922.243	10.587413	-43.393547	-43.880432	-7089.321
-35.329166	24.094166	1925.738	32.09839	-46.451168	-46.171448	-7131.276
-35.2973	24.082277	1929.233	52.683006	-46.844837	-46.18638	-7070.9478
-35.26543	24.070381	1932.728	74.1372	-45.325214	-43.30276	-6897.8994
-35.233574	24.05848	1936.223	90.105736	-41.828495	-38.881584	-6615.985
-35.201717	24.04657	1939.718	97.77489	-37.84147	-35.234253	-6252.425
-35.169872	24.034655	1943.213	102.524025	-34.22521	-31.782923	-5868.166
-35.13803	24.022732	1946.708	100.10393	-29.309309	-27.573572	-5716.6875
-35.106194	24.010803	1950.203	87.34622	-24.875954	-22.862436	-5719.221
-35.074364	23.998867	1953.698	63.336304	-20.638748	-18.443447	-5714.767
-35.04254	23.986925	1957.193	33.32358	-17.411493	-14.629384	-5676.532
-35.010723	23.974977	1960.688	4.152191	-14.413901	-11.074559	-5639.734
-34.978912	23.963022	1964.183	-18.22321	-10.524965	-7.8046966	-5580.166
-34.947105	23.951061	1967.678	-35.588596	-6.5788546	-4.1396112	-5451.222
-34.915306	23.939093	1971.173	-46.500072	-1.4569031	0.09733979	-5254.999
-34.88351	23.927118	1974.668	-50.22883	4.047487	4.433827	-5066.869
-34.851723	23.915136	1978.163	-47.421	8.758629	7.216819	-5017.4834
-34.81994	23.903149	1981.658	-43.808327	7.9630156	6.7448974	-5138.4614
-34.788162	23.891153	1985.153	-40.027977	5.2084846	3.0747504	-5305.0493
-34.756393	23.879154	1988.648	-35.649647	3.058601	-0.7840029	-5394.7686
-34.72463	23.867146	1992.143	-29.312098	0.99208766	-2.0495968	-5444.6035
-34.692867	23.855133	1995.638	-22.241623	-2.25959	-2.554207	-5554.816
-34.661118	23.843111	1999.1329	-18.10743	-5.9582276	-4.8794236	-5627.1475
-34.629368	23.831085	2002.6279	-15.062018	-7.6410756	-7.817861	-5583.4824
-34.597626	23.819052	2006.1229	-12.195177	-7.0788445	-9.586017	-5508.645
-34.56589	23.80701	2009.6179	-8.515907	-6.379858	-8.753291	-5668.3843
-34.534164	23.794966	2013.1129	-5.864079	-5.3406487	-5.276227	-5697.402
-34.502438	23.782913	2016.6079	-6.0146203	-3.5152326	-2.477054	-5647.862
-34.470722	23.770853	2020.1029	-7.0752296	-2.203549	-3.0925813	-5657.6025
-34.43901	23.758787	2023.5979	-7.405263	-3.3167174	-6.099845	-5756.381
-34.407303	23.746716	2027.0929	-5.52915	-5.1516404	-7.547892	-5801.5894
-34.375603	23.734636	2030.5879	-1.682895	-5.7873087	-5.923582	-5791.705
-34.34391	23.722551	2034.0829	2.8513374	-4.416969	-4.0278873	-5752.1104
-34.31222	23.710459	2037.5779	3.8330157	-2.6478324	-3.002266	-5651.4805
-34.28054	23.69836	2041.0729	0.43404254	-2.0053234	-1.3345103	-5517.521
-34.248863	23.686256	2044.5679	-4.8355436	-1.4625438	0.21148798	-5412.8403
-34.217194	23.674145	2048.0627	-8.755168	-3.250185	-0.2591991	-5400.6226
-34.185528	23.662027	2051.5576	-6.6129346	-5.1422305	-2.6901062	-5517.4097
-34.15387	23.649904	2055.0525	7.2775064	-7.4723945	-6.451193	-5679.43
-34.122215	23.637774	2058.5474	31.249565	-10.969193	-10.819692	-5794.884
-34.09057	23.625637	2062.0422	55.83444	-14.045745	-12.878305	-5856.662
-34.058926	23.613495	2065.537	72.47168	-15.2014	-13.2372265	-5902.852
-34.02729	23.601345	2069.032	76.89619	-15.630307	-14.574611	-5938.054
-33.995663	23.589188	2072.5269	70.24833	-16.091051	-15.477349	-5935.17
-33.96404	23.577026	2076.0217	58.40364	-15.324659	-14.7935	-5894.4985
-33.93242	23.564857	2079.5166	48.15495	-14.211877	-13.96928	-5828.78
-33.900806	23.552683	2083.0115	42.652805	-14.088903	-13.827847	-5774.087
-33.8692	23.5405	2086.5063	39.68446	-14.834232	-14.3978195	-5745.623
-33.8376	23.528313	2090.0012	38.315693	-16.143154	-15.554699	-5720.4375
-33.806007	23.516119	2093.496	37.669342	-17.659416	-17.55745	-5666.6177
-33.774418	23.503918	2096.991	35.5852	-19.775759	-19.772013	-5576.1953
-33.742836	23.49171	2100.4858	29.805868	-21.397882	-20.899132	-5469.729
-33.711258	23.479498	2103.9807	23.53523	-20.80483	-21.676039	-5372.379
-33.679688	23.467278	2107.4756	16.58789	-21.876648	-23.31119	-5304.53
