			GMRT Grid Version 3.9
Longitude	Latitude	Distance (km)	Elevation (m)
-48.515625	33.753574	0.0	-4913.843
-48.480408	33.747406	3.3274248	-5007.9175
-48.445194	33.74123	6.6548495	-5168.4517
-48.40999	33.735043	9.982274	-5286.4077
-48.374786	33.728844	13.309699	-5251.7856
-48.339592	33.722637	16.637123	-5166.181
-48.304398	33.71642	19.964548	-5050.0913
-48.26921	33.710194	23.291973	-4918.1396
-48.23403	33.703957	26.619398	-4855.188
-48.198853	33.69771	29.946823	-4957.0986
-48.16368	33.691452	33.274246	-5075.554
-48.128517	33.685184	36.60167	-5182.593
-48.093357	33.678905	39.929092	-5160.457
-48.0582	33.67262	43.256516	-5298.1685
-48.02305	33.66632	46.58394	-5481.1226
-47.987904	33.660015	49.91136	-5480.038
-47.952763	33.653698	53.238785	-5323.175
-47.91763	33.64737	56.566208	-5181.576
-47.882496	33.641033	59.89363	-5038.8706
-47.847374	33.634686	63.221054	-4879.892
-47.812252	33.62833	66.54848	-4693.813
-47.777138	33.621964	69.8759	-4489.5674
-47.742027	33.615585	73.20332	-4306.7075
-47.706924	33.6092	76.53075	-4181.4927
-47.671825	33.602802	79.85817	-4152.551
-47.636734	33.596397	83.18559	-4210.982
-47.601643	33.58998	86.513016	-4343.6816
-47.56656	33.583553	89.84044	-4518.304
-47.531483	33.577118	93.16786	-4691.7446
-47.49641	33.57067	96.495285	-4836.2163
-47.46134	33.564217	99.82271	-4929.567
-47.42628	33.55775	103.15013	-4969.2163
-47.391224	33.551273	106.477554	-4959.5605
-47.35617	33.54479	109.80498	-4905.7944
-47.321125	33.538292	113.1324	-4875.602
-47.286083	33.531788	116.45982	-4883.6343
-47.251045	33.525272	119.78725	-4885.094
-47.216015	33.51875	123.11467	-4951.472
-47.180992	33.512215	126.44209	-5069.9214
-47.14597	33.50567	129.76952	-4919.48
-47.110954	33.499115	133.09694	-4797.5176
-47.075947	33.49255	136.42436	-4897.4775
-47.040943	33.485973	139.75179	-4547.002
-47.005943	33.47939	143.07921	-4321.229
-46.97095	33.472797	146.40663	-4419.9907
-46.935963	33.466194	149.73405	-4476.411
-46.900978	33.45958	153.06148	-4491.331
-46.866	33.452957	156.3889	-4544.4185
-46.831028	33.446323	159.71632	-4732.267
-46.796062	33.43968	163.04375	-4945.331
-46.7611	33.433025	166.37117	-4870.6567
-46.726143	33.426365	169.6986	-4795.17
-46.691193	33.419693	173.02602	-4806.008
-46.656246	33.41301	176.35344	-4833.9175
-46.621307	33.40632	179.68086	-4766.2563
-46.586372	33.399616	183.00829	-4583.7075
-46.551445	33.392902	186.33571	-4343.6167
-46.51652	33.38618	189.66313	-4128.3945
-46.4816	33.37945	192.99055	-4014.699
-46.44669	33.37271	196.31798	-4034.4624
-46.41178	33.36596	199.6454	-4149.23
-46.376877	33.3592	202.97282	-4271.3525
-46.34198	33.35243	206.30025	-4335.6143
-46.30709	33.34565	209.62767	-4332.3857
-46.272205	33.33886	212.9551	-4294.863
-46.237324	33.332058	216.28252	-4255.9756
-46.20245	33.32525	219.60994	-4236.695
-46.16758	33.31843	222.93736	-4257.817
-46.132713	33.311604	226.26479	-4330.8853
-46.097855	33.304764	229.59221	-4445.4937
-46.063004	33.297916	232.91963	-4570.613
-46.028156	33.291058	236.24706	-4694.9233
-45.993313	33.28419	239.57448	-4818.6157
-45.958477	33.277313	242.9019	-4937.2925
-45.923645	33.270424	246.22932	-5018.473
-45.88882	33.263527	249.55675	-5027.4907
-45.854	33.256622	252.88417	-4959.7974
-45.819183	33.249706	256.2116	-4851.9917
-45.784374	33.24278	259.53903	-4750.4604
-45.749573	33.235844	262.86646	-4685.7393
-45.714775	33.228897	266.19388	-4663.8486
-45.67998	33.221943	269.5213	-4669.954
-45.645195	33.214977	272.84872	-4674.904
-45.610413	33.208004	276.17615	-4643.3296
-45.575638	33.20102	279.50357	-4546.5513
-45.540867	33.194027	282.831	-4375.552
-45.5061	33.187023	286.15842	-4160.3433
-45.47134	33.18001	289.48584	-3975.6277
-45.43659	33.17299	292.81326	-3906.7673
-45.40184	33.165955	296.1407	-3968.7944
-45.367096	33.158913	299.4681	-4105.6616
-45.33236	33.15186	302.79553	-4237.1836
-45.297626	33.1448	306.12296	-4318.9785
-45.2629	33.13773	309.45038	-4357.8604
-45.228184	33.13065	312.7778	-4374.821
-45.193466	33.123558	316.10522	-4369.6006
-45.158756	33.11646	319.43265	-4325.41
-45.124054	33.10935	322.76007	-4229.9277
-45.089355	33.10223	326.0875	-4085.5554
-45.054665	33.0951	329.41492	-3926.4336
-45.019978	33.087963	332.74234	-3799.1567
-44.9853	33.080814	336.06976	-3719.736
-44.950623	33.073658	339.3972	-3684.4202
-44.91595	33.06649	342.7246	-3672.813
-44.881287	33.059315	346.05203	-3645.8018
-44.84663	33.052128	349.37946	-3579.3967
-44.811977	33.044933	352.70688	-3474.306
-44.77733	33.037727	356.0343	-3356.3528
-44.742687	33.03051	359.36172	-3356.578
-44.708054	33.023285	362.68915	-3554.6914
-44.673424	33.016052	366.01657	-3630.9553
-44.638798	33.00881	369.344	-3653.83
-44.60418	33.001556	372.67142	-3741.7302
-44.56957	32.994293	375.99884	-3876.391
-44.53496	32.98702	379.32626	-3922.8477
-44.50036	32.97974	382.6537	-3939.4026
-44.465763	32.972446	385.9811	-3844.2415
-44.43117	32.965145	389.30853	-3730.0325
-44.396587	32.957836	392.63596	-3768.0996
-44.36201	32.950516	395.96338	-3778.5374
-44.32744	32.943188	399.2908	-3753.0269
-44.29287	32.93585	402.61823	-3735.7327
-44.25831	32.928497	405.94565	-3734.8582
-44.22375	32.92114	409.27307	-3740.219
-44.1892	32.913773	412.6005	-3745.0044
-44.15466	32.906395	415.92792	-3745.9958
-44.12012	32.89901	419.25534	-3743.5518
-44.085587	32.891613	422.58276	-3750.7651
-44.05106	32.88421	425.9102	-3775.705
-44.01654	32.876793	429.2376	-3790.9155
-43.982025	32.869366	432.56503	-3785.842
-43.947514	32.861935	435.89246	-3851.881
-43.91301	32.85449	439.21988	-3862.2373
-43.878513	32.84704	442.5473	-3812.596
-43.84402	32.839573	445.87473	-3793.89
-43.809532	32.832104	449.20215	-3667.5144
-43.775055	32.824623	452.52957	-3677.9622
-43.740578	32.81713	455.857	-3677.7031
-43.70611	32.80963	459.18442	-3587.478
-43.671646	32.80212	462.51184	-3581.4495
-43.637188	32.7946	465.83926	-3575.518
-43.602737	32.78707	469.1667	-3656.2795
-43.56829	32.779533	472.4941	-3761.546
-43.53385	32.771988	475.82153	-3738.0896
-43.49942	32.76443	479.14896	-3727.1868
-43.46499	32.756863	482.47638	-3709.6687
-43.43057	32.74929	485.8038	-3721.1802
-43.396152	32.741703	489.13123	-3808.5664
-43.36174	32.734108	492.45865	-3788.7056
-43.327335	32.726505	495.78607	-3745.5254
-43.29294	32.71889	499.1135	-3967.8247
-43.258545	32.71127	502.44092	-4100.9106
-43.22416	32.703636	505.76834	-3941.7666
-43.189777	32.695995	509.09576	-3834.8262
-43.1554	32.688347	512.4232	-3702.5183
-43.121033	32.680687	515.7507	-3508.277
-43.08667	32.673016	519.0781	-3386.5671
-43.05231	32.665337	522.4056	-3431.0303
-43.01796	32.65765	525.73303	-3586.254
-42.983612	32.649952	529.0605	-3686.2375
-42.949272	32.642242	532.38794	-3671.03
-42.91494	32.63453	535.7154	-3611.5383
-42.88061	32.6268	539.04285	-3526.9458
-42.84629	32.61907	542.3703	-3461.929
-42.811974	32.611324	545.69775	-3444.541
-42.777664	32.60357	549.0252	-3464.3694
-42.74336	32.595806	552.35266	-3480.0596
-42.70906	32.58803	555.6801	-3434.6973
-42.67477	32.580254	559.00757	-3363.9038
-42.640484	32.57246	562.335	-3268.971
-42.6062	32.56466	565.6625	-3182.1746
-42.571926	32.55685	568.9899	-3071.563
-42.53766	32.549034	572.3174	-3029.8435
-42.503395	32.541203	575.64484	-3030.1472
-42.46914	32.533367	578.9723	-3025.8704
-42.43489	32.52552	582.29974	-3005.7449
-42.400646	32.517666	585.6272	-2993.6626
-42.366405	32.5098	588.95465	-3017.7126
-42.332172	32.501923	592.2821	-3078.727
-42.297947	32.49404	595.60956	-3130.6687
-42.263725	32.48615	598.937	-3134.853
-42.22951	32.478245	602.26447	-3092.731
-42.195305	32.470333	605.5919	-3052.1438
-42.161102	32.462414	608.9194	-3052.8645
-42.126904	32.454483	612.2468	-3078.0693
-42.092712	32.446545	615.5743	-3096.2869
-42.05853	32.438595	618.90173	-3132.5398
-42.02435	32.430637	622.2292	-3166.8608
-41.990177	32.42267	625.55664	-3167.3286
-41.956013	32.414696	628.8841	-3150.7656
-41.921852	32.406708	632.21155	-3233.3372
-41.887695	32.398712	635.539	-3468.2358
-41.85355	32.39071	638.86646	-3724.5444
-41.81941	32.382698	642.1939	-3825.7024
-41.78527	32.374676	645.52136	-3724.0234
-41.75114	32.366642	648.8488	-3438.777
-41.71702	32.358604	652.1763	-3090.3354
-41.6829	32.35055	655.5037	-2902.5955
-41.64879	32.342495	658.8312	-2930.592
-41.61468	32.334427	662.1586	-3156.3489
-41.58058	32.326347	665.4861	-3385.0137
-41.546486	32.31826	668.81354	-3479.5642
-41.5124	32.310165	672.141	-3470.686
-41.478317	32.30206	675.46844	-3427.7485
-41.444244	32.293945	678.7959	-3384.185
-41.410175	32.285824	682.12335	-3331.8645
-41.37611	32.27769	685.4508	-3262.5266
-41.342052	32.26955	688.77826	-3200.8003
-41.308002	32.2614	692.1057	-3185.5652
-41.27396	32.25324	695.43317	-3214.7153
-41.23992	32.24507	698.7606	-3235.6506
-41.205887	32.236893	702.0881	-3199.0928
-41.17186	32.228706	705.4155	-3087.0398
-41.13784	32.22051	708.743	-2925.5725
-41.103825	32.212303	712.07043	-2771.7378
-41.06982	32.20409	715.3979	-2747.4304
-41.035816	32.195866	718.72534	-2840.828
-41.00182	32.187634	722.0528	-2914.0527
-40.96783	32.179394	725.38025	-2937.1677
-40.93385	32.171143	728.7077	-2887.9868
-40.89987	32.16288	732.03516	-2868.7363
-40.8659	32.154613	735.3626	-2868.9475
-40.831936	32.146336	738.69006	-2725.3516
-40.797977	32.138046	742.0175	-2310.8523
-40.764023	32.12975	745.345	-2210.283
-40.730076	32.121445	748.6724	-2210.3591
-40.696136	32.113132	751.9999	-2020.125
-40.662205	32.10481	755.32733	-2002.8363
-40.628277	32.096478	758.6548	-2145.2212
-40.594353	32.088135	761.98224	-2026.4222
-40.56044	32.079784	765.3097	-2080.4197
-40.526527	32.071423	768.63715	-2240.0996
-40.492626	32.063057	771.9646	-2399.8926
-40.45873	32.05468	775.29205	-2799.4807
-40.42484	32.04629	778.6195	-2950.0146
-40.390953	32.037895	781.94696	-3007.3271
-40.357075	32.02949	785.2744	-2712.16
-40.323204	32.021076	788.60187	-2236.4724
-40.289337	32.012653	791.9293	-1725.3895
-40.255478	32.004223	795.2568	-1717.1589
-40.221626	31.995783	798.5842	-2003.9043
-40.18778	31.987333	801.9117	-2168.7183
-40.15394	31.978874	805.23914	-2082.9626
-40.120102	31.970407	808.5666	-2198.714
-40.086273	31.961931	811.89404	-2294.1455
-40.052452	31.953445	815.2215	-2359.8179
-40.01864	31.94495	818.54895	-2392.2192
-39.98483	31.936447	821.8764	-2418.1455
-39.951023	31.927935	825.20386	-2442.433
-39.91723	31.919415	828.5313	-2434.612
-39.88344	31.910883	831.85876	-2401.2253
-39.84965	31.902344	835.1862	-2473.0447
-39.815872	31.893797	838.5137	-2532.6917
-39.7821	31.885239	841.8411	-2778.218
-39.748337	31.876673	845.1686	-3217.2637
-39.714577	31.8681	848.49603	-3055.8513
-39.680824	31.859514	851.8235	-2807.8264
-39.647076	31.850922	855.15094	-3079.7278
-39.613335	31.84232	858.4784	-3256.9922
-39.5796	31.83371	861.80585	-3316.8982
-39.545876	31.82509	865.1333	-3244.172
-39.512154	31.816462	868.46075	-3067.579
-39.478436	31.807825	871.7882	-2916.8896
-39.44473	31.79918	875.11566	-2943.8806
-39.411026	31.790524	878.4431	-3179.6057
-39.37733	31.78186	881.77057	-3177.0608
-39.34364	31.773188	885.098	-3125.131
-39.309956	31.764505	888.4255	-3093.2688
-39.27628	31.755816	891.7529	-3194.366
-39.242607	31.747116	895.0804	-3289.2273
-39.208942	31.738407	898.40784	-3367.7537
-39.17528	31.72969	901.7353	-3427.3774
-39.141632	31.720964	905.06274	-3495.6833
-39.107986	31.71223	908.3902	-3621.4285
-39.074345	31.703485	911.71765	-3807.8105
-39.040714	31.694735	915.0451	-4015.6208
-39.007088	31.685972	918.37256	-4172.4116
-38.973465	31.677202	921.7	-3920.2402
-38.93985	31.668425	925.02747	-3466.9463
-38.906242	31.659636	928.3549	-3455.8826
-38.872643	31.65084	931.6824	-3696.7004
-38.839046	31.642035	935.0098	-3105.5913
-38.805458	31.63322	938.3373	-2696.7341
-38.771877	31.624397	941.66473	-3077.1733
-38.7383	31.615566	944.9922	-3102.1226
-38.70473	31.606726	948.31964	-3222.3047
-38.67117	31.597878	951.6471	-3255.944
-38.63761	31.589018	954.97455	-3474.6187
-38.60406	31.580153	958.302	-3546.8115
-38.57052	31.571276	961.62946	-3544.453
-38.53698	31.562393	964.9569	-3402.3525
-38.50345	31.5535	968.28436	-3264.146
-38.469925	31.544598	971.6118	-2921.018
-38.436405	31.535686	974.9393	-2697.471
-38.402893	31.526768	978.2667	-2838.9866
-38.36939	31.51784	981.5942	-2971.315
-38.335888	31.508904	984.92163	-2918.078
-38.302395	31.499958	988.2491	-2894.5073
-38.26891	31.491003	991.57654	-2830.6978
-38.235428	31.48204	994.904	-2778.6335
-38.201958	31.47307	998.23145	-2885.5205
-38.168488	31.464088	1001.5589	-3048.9773
-38.13503	31.4551	1004.88635	-3095.3877
-38.101574	31.446102	1008.2138	-3098.833
-38.068127	31.437096	1011.54126	-3073.4321
-38.034683	31.428082	1014.8687	-3026.1472
-38.00125	31.419058	1018.19617	-3013.39
-37.967823	31.410025	1021.5236	-3037.5642
-37.9344	31.400984	1024.8511	-3056.6873
-37.90098	31.391933	1028.1785	-3031.3184
-37.867573	31.382875	1031.5059	-2999.0493
-37.83417	31.373808	1034.8333	-3025.163
-37.800774	31.364733	1038.1606	-3115.3005
-37.767384	31.355648	1041.488	-3207.8203
-37.734	31.346556	1044.8154	-3238.808
-37.700626	31.337454	1048.1428	-3184.2732
-37.667255	31.328344	1051.4702	-3088.8772
-37.633892	31.319225	1054.7976	-3029.8022
-37.600533	31.310097	1058.125	-3050.3943
-37.56718	31.30096	1061.4524	-3134.288
-37.533836	31.291817	1064.7798	-3212.9465
-37.5005	31.282663	1068.1072	-3289.684
-37.467167	31.2735	1071.4346	-3357.7646
-37.43384	31.26433	1074.762	-3367.7554
-37.400524	31.255152	1078.0894	-3379.2932
-37.36721	31.245964	1081.4167	-3547.926
-37.333904	31.236767	1084.7441	-3682.0107
-37.300606	31.227562	1088.0715	-3781.4924
-37.267315	31.218348	1091.3989	-3880.495
-37.234028	31.209126	1094.7263	-3962.5537
-37.20075	31.199896	1098.0537	-4024.5437
-37.167473	31.190657	1101.3811	-4045.561
-37.13421	31.181408	1104.7085	-4015.9385
-37.10095	31.172152	1108.0359	-3939.4397
-37.06769	31.162888	1111.3633	-3838.465
-37.034447	31.153614	1114.6907	-3735.6255
-37.001205	31.144331	1118.0181	-3649.0586
-36.96797	31.13504	1121.3455	-3611.5056
-36.934742	31.125742	1124.6729	-3661.3289
-36.90152	31.116434	1128.0002	-3798.668
-36.868305	31.107119	1131.3276	-3954.66
-36.8351	31.097794	1134.655	-4044.0415
-36.801895	31.08846	1137.9824	-4036.851
-36.768703	31.079119	1141.3098	-4013.086
-36.73551	31.069769	1144.6372	-3999.776
-36.70233	31.06041	1147.9646	-4015.3547
-36.669155	31.051043	1151.292	-4028.3303
-36.635986	31.041668	1154.6194	-4032.0806
-36.602825	31.032284	1157.9468	-4010.3672
-36.569668	31.02289	1161.2742	-4002.8042
-36.53652	31.01349	1164.6016	-4015.414
-36.503376	31.00408	1167.929	-4020.2742
-36.470238	30.994663	1171.2563	-4014.0754
-36.43711	30.985235	1174.5837	-4022.5327
-36.403988	30.975801	1177.9111	-4026.4045
-36.37087	30.966358	1181.2385	-3960.4634
-36.33776	30.956905	1184.5659	-3784.1765
-36.304657	30.947445	1187.8933	-3553.2476
-36.271557	30.937977	1191.2207	-3391.8955
-36.23847	30.9285	1194.5481	-3346.3252
-36.205383	30.919014	1197.8755	-3315.1362
-36.172306	30.909521	1201.2029	-3232.6426
-36.139236	30.900019	1204.5303	-3147.3914
-36.10617	30.890507	1207.8577	-3161.7424
-36.073112	30.88099	1211.185	-3278.8628
-36.040062	30.87146	1214.5125	-3398.0525
-36.00702	30.861925	1217.8398	-3456.5872
-35.97398	30.85238	1221.1672	-3465.8623
-35.94095	30.842827	1224.4946	-3501.0503
-35.907925	30.833267	1227.822	-3591.1584
-35.874905	30.823698	1231.1494	-3662.8413
-35.841896	30.81412	1234.4768	-3632.6045
-35.80889	30.804533	1237.8042	-3616.6907
-35.77589	30.794939	1241.1316	-3709.5051
-35.7429	30.785336	1244.459	-3798.8755
-35.709915	30.775724	1247.7864	-3834.0154
-35.676937	30.766104	1251.1138	-3779.8298
-35.643963	30.756477	1254.4412	-3720.0386
-35.610996	30.74684	1257.7686	-3911.4104
-35.578037	30.737196	1261.096	-4000.6147
-35.545086	30.727543	1264.4233	-3969.6108
-35.512142	30.717882	1267.7507	-4138.445
-35.479202	30.708212	1271.0781	-4125.5483
-35.44627	30.698534	1274.4055	-4130.473
-35.413345	30.688848	1277.7329	-4316.9307
-35.380424	30.679153	1281.0603	-4540.8745
-35.34751	30.66945	1284.3877	-4666.3984
-35.314606	30.659739	1287.7151	-4637.6177
-35.281708	30.65002	1291.0425	-4500.2085
-35.248814	30.640293	1294.3699	-4350.995
-35.215927	30.630556	1297.6973	-4266.7676
-35.18305	30.620811	1301.0247	-4252.153
-35.150173	30.61106	1304.352	-4261.3228
-35.11731	30.6013	1307.6794	-4210.3066
-35.08445	30.59153	1311.0068	-3907.6812
-35.051598	30.581753	1314.3342	-3920.965
-35.01875	30.571966	1317.6616	-4150.6274
-34.98591	30.562174	1320.989	-4327.4956
-34.953075	30.55237	1324.3164	-4374.3857
-34.92025	30.54256	1327.6438	-4312.456
-34.88743	30.532742	1330.9712	-4240.794
-34.854618	30.522915	1334.2986	-4243.6597
-34.82181	30.51308	1337.626	-4326.3496
-34.78901	30.503237	1340.9534	-4428.59
-34.756218	30.493385	1344.2808	-4499.021
-34.72343	30.483526	1347.6082	-4515.166
-34.69065	30.47366	1350.9355	-4458.133
-34.657875	30.463783	1354.263	-4299.27
-34.62511	30.4539	1357.5903	-4059.886
-34.59235	30.444006	1360.9177	-3863.791
-34.559597	30.434105	1364.2451	-3840.0203
-34.526848	30.424196	1367.5725	-3970.9922
-34.49411	30.41428	1370.8999	-4143.0273
-34.461376	30.404356	1374.2273	-4268.1846
-34.42865	30.394423	1377.5547	-4331.287
-34.395927	30.384481	1380.8821	-4365.0024
-34.363216	30.37453	1384.2095	-4448.8604
-34.33051	30.364574	1387.5369	-4649.342
-34.29781	30.354609	1390.8643	-4779.501
-34.265114	30.344633	1394.1917	-4735.0747
-34.23243	30.334652	1397.519	-4677.72
-34.19975	30.324661	1400.8464	-4579.5386
-34.167076	30.314663	1404.1738	-4393.6543
-34.134407	30.304657	1407.5012	-4398.6924
-34.101746	30.294641	1410.8286	-4660.7646
-34.06909	30.28462	1414.156	-4829.045
-34.036446	30.27459	1417.4834	-4867.149
-34.003807	30.26455	1420.8108	-4828.6987
-33.971172	30.254503	1424.1382	-4710.2466
-33.938545	30.244448	1427.4656	-4559.965
-33.905926	30.234385	1430.793	-4436.2217
-33.873314	30.224314	1434.1204	-4365.4155
-33.840706	30.214235	1437.4478	-4382.057
-33.808105	30.204147	1440.7751	-4493.801
-33.775513	30.194052	1444.1025	-4653.5454
-33.742928	30.183949	1447.4299	-4802.251
-33.710346	30.173838	1450.7573	-4908.2075
-33.677773	30.163717	1454.0847	-4944.1772
-33.645206	30.15359	1457.4121	-4919.5444
-33.612644	30.143454	1460.7395	-4885.3877
-33.580093	30.13331	1464.0669	-4828.7695
-33.547546	30.12316	1467.3943	-4817.615
-33.515007	30.112999	1470.7217	-4829.2466
-33.48247	30.10283	1474.0491	-4900.127
-33.449947	30.092655	1477.3765	-4971.0938
-33.417427	30.082472	1480.7039	-4988.782
-33.384914	30.07228	1484.0312	-4912.5273
-33.352406	30.06208	1487.3586	-4643.6533
-33.31991	30.051872	1490.686	-4455.833
-33.287415	30.041656	1494.0134	-4647.52
-33.25493	30.031433	1497.3408	-4707.501
-33.222446	30.021202	1500.6682	-4591.218
-33.189976	30.010962	1503.9956	-4468.1772
-33.15751	30.000713	1507.323	-4757.122
-33.12505	29.99046	1510.6504	-4824.8286
-33.092598	29.980194	1513.9778	-4946.44
-33.06015	29.969923	1517.3052	-4977.5654
-33.02771	29.959644	1520.6326	-5032.577
-32.995277	29.949356	1523.96	-5097.054
-32.962852	29.93906	1527.2874	-5119.962
-32.930435	29.928759	1530.6147	-5092.7837
-32.89802	29.918447	1533.9421	-5018.0513
-32.865616	29.908127	1537.2695	-4909.834
-32.833218	29.8978	1540.5969	-4797.646
-32.800823	29.887465	1543.9243	-4605.7393
-32.768436	29.877123	1547.2517	-4372.1416
-32.73606	29.866772	1550.5791	-4268.0693
-32.703686	29.856413	1553.9065	-4684.657
-32.67132	29.846046	1557.2339	-4847.7285
-32.63896	29.835672	1560.5613	-4853.8096
-32.60661	29.825289	1563.8887	-4873.174
-32.574265	29.8149	1567.2161	-4955.321
-32.541927	29.8045	1570.5435	-4977.44
-32.509594	29.794096	1573.8708	-4925.6616
-32.47727	29.783682	1577.1982	-4900.858
-32.44495	29.77326	1580.5256	-4924.399
-32.41264	29.76283	1583.853	-4960.305
-32.380337	29.752392	1587.1804	-4950.978
-32.348038	29.741947	1590.5078	-4824.7017
-32.315746	29.731495	1593.8352	-4733.4023
-32.28346	29.721033	1597.1626	-4681.8916
-32.251183	29.710564	1600.49	-4704.7993
-32.21891	29.700089	1603.8174	-4762.938
-32.186646	29.689604	1607.1448	-4758.853
-32.15439	29.679111	1610.4722	-4791.8022
-32.12214	29.668612	1613.7996	-4774.5386
-32.089893	29.658104	1617.127	-4577.059
-32.057655	29.647587	1620.4543	-4228.798
-32.025425	29.637064	1623.7817	-4120.9976
-31.9932	29.626534	1627.1091	-4153.638
-31.960983	29.615993	1630.4365	-4296.3784
-31.928772	29.605448	1633.7639	-4145.497
-31.896568	29.594893	1637.0913	-4077.4165
-31.864372	29.58433	1640.4187	-4065.4414
-31.83218	29.57376	1643.7461	-4089.951
-31.799997	29.563183	1647.0735	-4234.6255
-31.76782	29.552597	1650.4009	-4469.6484
-31.73565	29.542004	1653.7283	-4581.673
-31.703487	29.531403	1657.0557	-4602.651
-31.67133	29.520792	1660.383	-4627.9834
-31.63918	29.510176	1663.7104	-4663.3887
-31.607037	29.499552	1667.0378	-4646.561
-31.5749	29.48892	1670.3652	-4578.883
-31.54277	29.47828	1673.6926	-4507.3296
-31.510647	29.467632	1677.02	-4459.133
-31.47853	29.456978	1680.3474	-4444.533
-31.44642	29.446314	1683.6748	-4452.536
-31.414318	29.435644	1687.0022	-4479.093
-31.382223	29.424965	1690.3296	-4525.1865
-31.350134	29.41428	1693.657	-4578.1577
-31.31805	29.403585	1696.9844	-4616.3022
-31.285975	29.392883	1700.3118	-4643.906
-31.253906	29.382175	1703.6392	-4697.542
